1000,'cal2-sat-2',644,,534,63,,,0,101,,535,63,,,0,100,,540,63,,,0,100,,541,63,,,0,100,,542,63,,,0,103,,543,63,,,0,100,,544,63,,,0,100,,545,63,,,0,100,,546,63,,,0,100,,547,63,,,0,100,,536,63,,,0,100,,537,63,,,0,100,,538,63,,,0,100,,539,63,,,0
1000,'cal4-sat',644,,548,63,,,0,101,,549,63,,,0,100,,554,63,,,0,100,,555,63,,,0,100,,556,63,,,0,103,,557,63,,,0,100,,558,63,,,0,100,,559,63,,,0,100,,560,63,,,0,100,,561,63,,,0,100,,550,63,,,0,100,,551,63,,,0,100,,552,63,,,0,100,,553,63,,,0
1000,'cal6-9',642,,562,63,,,0,79,,563,63,,,0,89,,572,63,,,0,29,,573,63,,,0,72,,574,63,,,0,31,,575,63,,,0,77,,576,63,,,0,110,,577,63,,,0,110,,578,63,,,0,110,,579,63,,,0,151,,564,63,,,0,41,,565,63,,,0,78,,566,63,,,0,37,,567,63,,,0,74,,568,63,,,0,77,,569,63,,,0,35,,570,63,,,0,109,,571,63,,,0
1000,'cal7-mon-tue-wed-thu-fri-2',642,,580,63,,,0,79,,581,63,,,0,89,,591,63,,,0,29,,592,63,,,0,72,,593,63,,,0,31,,594,63,,,0,77,,595,63,,,0,110,,596,63,,,0,110,,597,63,,,0,110,,598,63,,,0,151,,582,63,,,0,41,,583,63,,,0,78,,584,63,,,0,37,,585,63,,,0,74,,586,63,,,0,77,,587,63,,,0,35,,588,63,,,0,109,,589,63,,,0,88,,590,63,,,0
4000,'cal1-mon-tue-wed-thu-fri-4',621,,871,43,,,0,28,,872,43,,,0,66,,883,43,,,0,27,,894,43,,,0,67,,896,43,,,0,25,,897,43,,,0,67,,898,43,,,0,29,,899,43,,,0,22,,900,43,,,0,65,,901,43,,,0,25,,873,43,,,0,80,,874,43,,,0,80,,875,43,,,0,35,,876,43,,,0,76,,877,43,,,0,35,,878,43,,,0,74,,879,43,,,0,34,,880,43,,,0,79,,881,43,,,0,77,,882,43,,,0,34,,884,43,,,0,67,,885,43,,,0,27,,886,43,,,0,64,,887,43,,,0,33,,888,43,,,0,63,,889,43,,,0,25,,890,43,,,0,25,,891,43,,,0,91,,892,43,,,0,91,,893,43,,,0,87,,895,43,,,0
4000,'cal2-sat-2',638,,970,43,,,0,101,,971,43,,,0,100,,976,43,,,0,100,,977,43,,,0,101,,978,43,,,0,100,,979,43,,,0,100,,980,43,,,0,100,,981,43,,,0,100,,982,43,,,0,100,,983,43,,,0,100,,972,43,,,0,99,,973,43,,,0,100,,974,43,,,0,100,,975,43,,,0
4000,'cal3-sun-3',839,,984,43,,,0,100,,985,43,,,0,101,,987,43,,,0,100,,988,43,,,0,100,,989,43,,,0,100,,990,43,,,0,100,,991,43,,,0,100,,992,43,,,0,100,,993,43,,,0,99,,994,43,,,0,100,,986,43,,,0
4000,'cal4-sat',638,,935,43,,,0,101,,936,43,,,0,100,,946,43,,,0,100,,947,43,,,0,101,,948,43,,,0,100,,949,43,,,0,100,,950,43,,,0,100,,951,43,,,0,100,,952,43,,,0,100,,953,43,,,0,100,,937,43,,,0,99,,938,43,,,0,100,,939,43,,,0,100,,940,43,,,0,100,,941,43,,,0,100,,942,43,,,0,100,,943,43,,,0,100,,944,43,,,0,100,,945,43,,,0
4000,'cal5-sun',839,,954,43,,,0,100,,955,43,,,0,101,,962,43,,,0,100,,963,43,,,0,100,,964,43,,,0,100,,965,43,,,0,100,,966,43,,,0,100,,967,43,,,0,100,,968,43,,,0,99,,969,43,,,0,100,,956,43,,,0,100,,957,43,,,0,100,,958,43,,,0,100,,959,43,,,0,100,,960,43,,,0,100,,961,43,,,0
1009601,'cal10-sat-2',725,,1327,26,,,0,100,,1328,26,,,0,100,,1333,26,,,0,100,,1334,26,,,0,100,,1335,26,,,0,100,,1336,26,,,0,100,,1337,26,,,0,200,,1338,26,,,0,100,,1339,26,,,0,100,,1340,26,,,0,100,,1329,26,,,0,100,,1330,26,,,0,200,,1331,26,,,0,200,,1332,26,,,0
1009601,'cal11-sun-3',725,,102,26,,,0,200,,103,26,,,0,200,,104,26,,,0,200,,105,26,,,0,200,,106,26,,,0,200,,107,26,,,0,200,,108,26,,,0,200,,109,26,,,0,200,,110,26,,,0
1009601,'cal9-mon-tue-wed-thu-fri-4',700,,65,26,,,0,12,,66,26,,,0,88,,77,26,,,0,45,,81,26,,,0,10,,82,26,,,0,95,,83,26,,,0,102,,84,26,,,0,150,,85,26,,,0,110,,86,26,,,0,110,,87,26,,,0,110,,67,26,,,0,75,,68,26,,,0,40,,69,26,,,0,75,,70,26,,,0,30,,71,26,,,0,75,,72,26,,,0,78,,73,26,,,0,35,,74,26,,,0,75,,75,26,,,0,35,,76,26,,,0,150,,78,26,,,0,147,,79,26,,,0,188,,80,26,,,0
5009601,'cal9-mon-tue-wed-thu-fri-4',915,,1358,11,,,0,94,,1359,11,,,0,205,,1370,11,,,0,110,,1372,11,,,0,110,,1373,11,,,0,110,,1374,11,,,0,70,,1375,11,,,0,21,,1376,11,,,0,22,,1377,11,,,0,48,,1378,11,,,0,9,,1360,11,,,0,24,,1361,11,,,0,62,,1362,11,,,0,4,,1363,11,,,0,35,,1364,11,,,0,11,,1365,11,,,0,50,,1366,11,,,0,24,,1367,11,,,0,96,,1368,11,,,0,90,,1369,11,,,0,119,,1371,11,,,0
