2000,'cal2-thu-fri',1614,,626,53,,,0,42,,627,53,,,0,74,,628,53,,,0,75,,629,53,,,0,36,,630,53,,,0,107,,631,53,,,0,110,,632,53,,,0,150,,634,53,,,0,100,,635,53,,,0,100,,636,53,,,0
2000,'cal3-sat',1245,,658,53,,,0,100,,659,53,,,0,100,,660,53,,,0,100,,661,53,,,0,100,,646,53,,,0,98,,647,53,,,0,100,,648,53,,,0,100,,649,53,,,0,100,,650,53,,,0,100,,651,53,,,0,100,,652,53,,,0,100,,653,53,,,0
2000,'cal4-sun',1245,,672,53,,,0,100,,673,53,,,0,100,,674,53,,,0,100,,675,53,,,0,100,,676,53,,,0,98,,677,53,,,0,100,,664,53,,,0,100,,665,53,,,0,100,,666,53,,,0,100,,667,53,,,0,100,,668,53,,,0,100,,669,53,,,0
4000,'cal2-thu-fri',1600,,913,29,,,0,34,,915,29,,,0,68,,916,29,,,0,28,,917,29,,,0,26,,918,29,,,0,73,,919,29,,,0,23,,920,29,,,0,65,,921,29,,,0,25,,922,29,,,0,91,,923,29,,,0,91,,924,29,,,0,87,,926,29,,,0,100,,927,29,,,0,100,,928,29,,,0
4000,'cal3-sat',1330,,951,29,,,0,100,,952,29,,,0,100,,953,29,,,0,100,,937,29,,,0,100,,938,29,,,0,100,,939,29,,,0,100,,940,29,,,0,100,,941,29,,,0,100,,942,29,,,0,100,,943,29,,,0,100,,944,29,,,0,100,,945,29,,,0
4000,'cal4-sun',1330,,965,29,,,0,100,,966,29,,,0,100,,967,29,,,0,100,,968,29,,,0,100,,969,29,,,0,100,,956,29,,,0,100,,957,29,,,0,100,,958,29,,,0,100,,959,29,,,0,100,,960,29,,,0,100,,961,29,,,0
4001,'cal2-thu-fri',1607,,1039,34,,,0,28,,1040,34,,,0,68,,1041,34,,,0,27,,1042,34,,,0,73,,1043,34,,,0,22,,1044,34,,,0,27,,1045,34,,,0,65,,1046,34,,,0,89,,1047,34,,,0,50,,1048,34,,,0,90,,1050,34,,,0
4001,'cal3-sat',1309,,1070,34,,,0,100,,1071,34,,,0,100,,1072,34,,,0,101,,1059,34,,,0,99,,1060,34,,,0,101,,1061,34,,,0,100,,1062,34,,,0,100,,1063,34,,,0,100,,1064,34,,,0
4001,'cal4-sun',1309,,1082,34,,,0,100,,1083,34,,,0,100,,1084,34,,,0,101,,1085,34,,,0,99,,1086,34,,,0,100,,1075,34,,,0,100,,1076,34,,,0,100,,1077,34,,,0,100,,1078,34,,,0
5000,'cal2-thu-fri',1548,,1137,3,,,0,154,,1138,3,,,0,111,,1125,3,,,0,110,,1126,3,,,0,110,,1127,3,,,0,90,,1128,3,,,0,90,,1129,3,,,0,190,,1130,3,,,0
5000,'cal3-sat',1331,,1154,3,,,0,100,,1155,3,,,0,100,,1156,3,,,0,100,,1141,3,,,0,100,,1142,3,,,0,100,,1143,3,,,0,100,,1144,3,,,0,100,,1145,3,,,0,100,,1146,3,,,0,100,,1147,3,,,0,100,,1148,3,,,0
5000,'cal4-sun',1330,,1168,3,,,0,100,,1169,3,,,0,100,,1170,3,,,0,100,,1171,3,,,0,100,,1172,3,,,0,100,,1159,3,,,0,100,,1160,3,,,0,100,,1161,3,,,0,100,,1162,3,,,0,100,,1163,3,,,0,100,,1164,3,,,0
