2000,'cal1-mon-tue-wed-thu-fri-3',458,,600,1,,,0,100,,601,1,,,0,76,,612,1,,,0,66,,614,1,,,0,49,,615,1,,,0,79,,616,1,,,0,26,,617,1,,,0,80,,618,1,,,0,110,,619,1,,,0,110,,620,1,,,0,150,,602,1,,,0,110,,603,1,,,0,40,,604,1,,,0,75,,605,1,,,0,75,,606,1,,,0,35,,607,1,,,0,83,,608,1,,,0,37,,609,1,,,0,149,,610,1,,,0,110,,611,1,,,0,110,,613,1,,,0
2000,'cal3-sun-2',804,,693,1,,,0,100,,694,1,,,0,100,,697,1,,,0,100,,698,1,,,0,100,,699,1,,,0,100,,700,1,,,0,100,,701,1,,,0,100,,702,1,,,0,100,,703,1,,,0,100,,704,1,,,0,100,,695,1,,,0,100,,696,1,,,0
2000,'cal7-sat-3',604,,678,1,,,0,100,,679,1,,,0,100,,685,1,,,0,100,,686,1,,,0,100,,687,1,,,0,100,,688,1,,,0,100,,689,1,,,0,100,,690,1,,,0,100,,691,1,,,0,100,,692,1,,,0,100,,680,1,,,0,100,,681,1,,,0,100,,682,1,,,0,100,,683,1,,,0,100,,684,1,,,0
2000,'cal8-sat',604,,1434,1,,,0,100,,1435,1,,,0,100,,1446,1,,,0,100,,1447,1,,,0,100,,1448,1,,,0,100,,1449,1,,,0,100,,1450,1,,,0,100,,1451,1,,,0,100,,1452,1,,,0,100,,1453,1,,,0,100,,1436,1,,,0,100,,1437,1,,,0,100,,1438,1,,,0,100,,1439,1,,,0,100,,1440,1,,,0,100,,1441,1,,,0,100,,1442,1,,,0,100,,1443,1,,,0,100,,1444,1,,,0,100,,1445,1,,,0
4001,'cal1-mon-tue-wed-thu-fri-3',537,,995,17,0,6,0,68,,996,17,,,0,25,,1007,17,,,0,25,,1018,17,,,0,64,,1020,17,,,0,24,,1021,17,,,0,68,,1022,17,,,0,29,,1023,17,,,0,62,,1024,17,,,0,25,,1025,17,,,0,25,,997,17,,,0,75,,998,17,,,0,82,,999,17,,,0,30,,1000,17,,,0,82,,1001,17,,,0,35,,1002,17,,,0,75,,1003,17,,,0,76,,1004,17,,,0,35,,1005,17,,,0,75,,1006,17,,,0,34,,1008,17,,,0,68,,1009,17,,,0,25,,1010,17,,,0,70,,1011,17,,,0,35,,1012,17,,,0,63,,1013,17,,,0,27,,1014,17,,,0,65,,1015,17,,,0,49,,1016,17,,,0,90,,1017,17,,,0,90,,1019,17,,,0
4001,'cal2-sat-2',558,,1087,17,,,0,100,,1088,17,,,0,100,,1093,17,,,0,100,,1094,17,,,0,101,,1095,17,,,0,99,,1096,17,,,0,100,,1097,17,,,0,100,,1098,17,,,0,100,,1099,17,,,0,100,,1100,17,,,0,100,,1089,17,,,0,100,,1090,17,,,0,142,,1091,17,,,0,58,,1092,17,,,0
4001,'cal3-sun-2',758,,1101,17,,,0,100,,1102,17,,,0,101,,1104,17,,,0,99,,1105,17,,,0,100,,1106,17,,,0,100,,1107,17,,,0,100,,1108,17,,,0,100,,1109,17,,,0,100,,1110,17,,,0,100,,1111,17,,,0,142,,1103,17,,,0
5001,'cal1-mon-tue-wed-thu-fri-3',544,,1226,1,,,0,115,,1227,1,,,0,145,,1232,1,,,0,112,,1233,1,,,0,110,,1234,1,,,0,110,,1235,1,,,0,110,,1236,1,,,0,110,,1237,1,,,0,156,,1238,1,,,0,111,,1239,1,,,0,113,,1228,1,,,0,110,,1229,1,,,0,111,,1230,1,,,0,150,,1231,1,,,0
5001,'cal3-sun-2',804,,1293,1,,,0,100,,1294,1,,,0,100,,1296,1,,,0,100,,1297,1,,,0,100,,1298,1,,,0,100,,1299,1,,,0,100,,1300,1,,,0,100,,1301,1,,,0,100,,1302,1,,,0,100,,1303,1,,,0,100,,1295,1,,,0
5001,'cal7-sat-3',604,,1254,1,,,0,100,,1255,1,,,0,100,,1260,1,,,0,100,,1261,1,,,0,100,,1262,1,,,0,100,,1263,1,,,0,100,,1264,1,,,0,100,,1265,1,,,0,100,,1266,1,,,0,100,,1267,1,,,0,100,,1256,1,,,0,100,,1257,1,,,0,100,,1258,1,,,0,100,,1259,1,,,0
5001,'cal8-sat',604,,1474,1,,,0,100,,1475,1,,,0,100,,1486,1,,,0,100,,1487,1,,,0,100,,1488,1,,,0,100,,1489,1,,,0,100,,1490,1,,,0,100,,1491,1,,,0,100,,1492,1,,,0,100,,1493,1,,,0,100,,1476,1,,,0,100,,1477,1,,,0,100,,1478,1,,,0,100,,1479,1,,,0,100,,1480,1,,,0,100,,1481,1,,,0,100,,1482,1,,,0,100,,1483,1,,,0,100,,1484,1,,,0,100,,1485,1,,,0
1009600,'cal10-sat-2',604,,42,1,,,0,100,,43,1,,,0,100,,48,1,,,0,100,,49,1,,,0,100,,50,1,,,0,100,,51,1,,,0,100,,52,1,,,0,200,,53,1,,,0,100,,54,1,,,0,100,,55,1,,,0,100,,44,1,,,0,100,,45,1,,,0,200,,46,1,,,0,200,,47,1,,,0
1009600,'cal11-sun-2',604,,56,1,,,0,200,,57,1,,,0,200,,58,1,,,0,200,,59,1,,,0,200,,60,1,,,0,200,,61,1,,,0,200,,62,1,,,0,200,,63,1,,,0,200,,64,1,,,0
1009600,'cal9-mon-tue-wed-thu-fri-3',454,,1304,1,,,0,100,,1305,1,,,0,85,,1316,1,,,0,70,,1320,1,,,0,25,,1321,1,,,0,68,,1322,1,,,0,42,,1323,1,,,0,60,,1324,1,,,0,30,,1325,1,,,0,110,,1326,1,,,0,110,,1306,1,,,0,150,,1307,1,,,0,110,,1308,1,,,0,110,,1309,1,,,0,35,,1310,1,,,0,75,,1311,1,,,0,75,,1312,1,,,0,35,,1313,1,,,0,75,,1314,1,,,0,110,,1315,1,,,0,110,,1317,1,,,0,190,,1318,1,,,0,180,,1319,1,,,0
5009600,'cal9-mon-tue-wed-thu-fri-3',534,,1341,1,,,0,78,,1342,1,,,0,12,,1350,1,,,0,10,,1351,1,,,0,10,,1352,1,,,0,10,,1353,1,,,0,50,,1354,1,,,0,10,,1355,1,,,0,30,,1356,1,,,0,70,,1357,1,,,0,40,,1343,1,,,0,80,,1344,1,,,0,75,,1345,1,,,0,110,,1346,1,,,0,110,,1347,1,,,0,305,,1348,1,,,0,172,,1349,1,,,0
