3001,'cal10-sun-1',859,,775,8,0,5,0,100,,776,8,0,5,0,100,,778,8,0,5,0,100,,779,8,0,5,0,100,,780,8,0,5,0,100,,781,8,0,5,0,100,,782,8,0,5,0,100,,783,8,0,5,0,100,,784,8,0,5,0,100,,785,8,0,5,0,100,,777,8,0,5,0
3001,'cal2-thu-fri',610,,786,8,0,5,0,122,,787,8,0,5,0,111,,791,8,0,5,0,110,,792,8,0,5,0,150,,793,8,0,5,0,110,,794,8,0,5,0,111,,795,8,0,5,0,111,,796,8,0,5,0,112,,797,8,0,5,0,157,,798,8,0,5,0,114,,788,8,0,5,0,110,,789,8,0,5,0,110,,790,8,0,5,0
3001,'cal3-sat',659,,799,8,0,5,0,100,,800,8,0,5,0,100,,802,8,0,5,0,100,,803,8,0,5,0,100,,804,8,0,5,0,100,,805,8,0,5,0,100,,806,8,0,5,0,100,,807,8,0,5,0,100,,808,8,0,5,0,100,,809,8,0,5,0,100,,801,8,0,5,0
3001,'cal4-sun',859,,810,8,0,5,0,100,,811,8,0,5,0,100,,813,8,0,5,0,100,,814,8,0,5,0,100,,815,8,0,5,0,100,,816,8,0,5,0,100,,817,8,0,5,0,100,,818,8,0,5,0,100,,819,8,0,5,0,100,,820,8,0,5,0,100,,812,8,0,5,0
3001,'cal5-sat-2',659,,821,8,0,5,0,100,,822,8,0,5,0,100,,824,8,0,5,0,100,,825,8,0,5,0,100,,826,8,0,5,0,100,,827,8,0,5,0,100,,828,8,0,5,0,100,,829,8,0,5,0,100,,830,8,0,5,0,100,,831,8,0,5,0,100,,823,8,0,5,0
3001,'cal7-13',610,,832,8,0,5,0,122,,833,8,0,5,0,111,,837,8,0,5,0,110,,838,8,0,5,0,150,,839,8,0,5,0,110,,840,8,0,5,0,111,,841,8,0,5,0,111,,842,8,0,5,0,112,,843,8,0,5,0,157,,844,8,0,5,0,114,,834,8,0,5,0,110,,835,8,0,5,0,110,,836,8,0,5,0
3001,'cal8-mon-tue-wed-thu-fri-2',610,,845,8,0,5,0,122,,846,8,0,5,0,111,,851,8,0,5,0,110,,852,8,0,5,0,150,,853,8,0,5,0,110,,854,8,0,5,0,111,,855,8,0,5,0,111,,856,8,0,5,0,112,,857,8,0,5,0,157,,858,8,0,5,0,114,,847,8,0,5,0,110,,848,8,0,5,0,86,,849,8,0,5,0,24,,850,8,0,5,0
3001,'cal9-2',859,,859,8,0,5,0,100,,860,8,0,5,0,100,,863,8,0,5,0,100,,864,8,0,5,0,100,,865,8,0,5,0,100,,866,8,0,5,0,100,,867,8,0,5,0,100,,868,8,0,5,0,100,,869,8,0,5,0,100,,870,8,0,5,0,100,,861,8,0,5,0,155,,862,8,0,5,0
4000,'cal1-mon-tue-wed-thu-fri-7',616,,871,35,,,0,28,,872,35,,,0,66,,883,35,,,0,26,,894,35,,,0,67,,896,35,,,0,25,,897,35,,,0,27,,898,35,,,0,68,,899,35,,,0,22,,900,35,,,0,65,,901,35,,,0,25,,873,35,,,0,80,,874,35,,,0,40,,875,35,,,0,75,,876,35,,,0,76,,877,35,,,0,35,,878,35,,,0,74,,879,35,,,0,34,,880,35,,,0,78,,881,35,,,0,77,,882,35,,,0,34,,884,35,,,0,68,,885,35,,,0,28,,886,35,,,0,25,,887,35,,,0,73,,888,35,,,0,23,,889,35,,,0,65,,890,35,,,0,25,,891,35,,,0,91,,892,35,,,0,91,,893,35,,,0,87,,895,35,,,0
4000,'cal2-thu-fri',616,,902,35,,,0,28,,903,35,,,0,66,,914,35,,,0,26,,925,35,,,0,67,,929,35,,,0,25,,930,35,,,0,27,,931,35,,,0,68,,932,35,,,0,22,,933,35,,,0,65,,934,35,,,0,25,,904,35,,,0,80,,905,35,,,0,40,,906,35,,,0,75,,907,35,,,0,76,,908,35,,,0,35,,909,35,,,0,74,,910,35,,,0,34,,911,35,,,0,78,,912,35,,,0,77,,913,35,,,0,34,,915,35,,,0,68,,916,35,,,0,28,,917,35,,,0,25,,918,35,,,0,73,,919,35,,,0,23,,920,35,,,0,65,,921,35,,,0,25,,922,35,,,0,91,,923,35,,,0,91,,924,35,,,0,87,,926,35,,,0,100,,927,35,,,0,100,,928,35,,,0
4000,'cal3-sat',633,,935,35,,,0,100,,936,35,,,0,100,,946,35,,,0,100,,947,35,,,0,100,,948,35,,,0,100,,949,35,,,0,100,,950,35,,,0,100,,951,35,,,0,100,,952,35,,,0,100,,953,35,,,0,100,,937,35,,,0,100,,938,35,,,0,100,,939,35,,,0,100,,940,35,,,0,100,,941,35,,,0,100,,942,35,,,0,100,,943,35,,,0,100,,944,35,,,0,100,,945,35,,,0
4000,'cal4-sun',833,,954,35,,,0,100,,955,35,,,0,100,,962,35,,,0,100,,963,35,,,0,100,,964,35,,,0,100,,965,35,,,0,100,,966,35,,,0,100,,967,35,,,0,100,,968,35,,,0,100,,969,35,,,0,100,,956,35,,,0,100,,957,35,,,0,100,,958,35,,,0,100,,959,35,,,0,100,,960,35,,,0,100,,961,35,,,0
4000,'cal5-sat-2',633,,970,35,,,0,100,,971,35,,,0,100,,976,35,,,0,100,,977,35,,,0,100,,978,35,,,0,100,,979,35,,,0,100,,980,35,,,0,100,,981,35,,,0,100,,982,35,,,0,100,,983,35,,,0,100,,972,35,,,0,100,,973,35,,,0,100,,974,35,,,0,100,,975,35,,,0
4000,'cal6-sun-3',833,,984,35,,,0,100,,985,35,,,0,100,,987,35,,,0,100,,988,35,,,0,100,,989,35,,,0,100,,990,35,,,0,100,,991,35,,,0,100,,992,35,,,0,100,,993,35,,,0,100,,994,35,,,0,100,,986,35,,,0
