2000,'cal1-mon-tue-wed-thu-fri-3',535,,600,50,,,0,103,,601,50,,,0,76,,612,50,,,0,29,,614,50,,,0,89,,615,50,,,0,77,,616,50,,,0,25,,617,50,,,0,79,,618,50,,,0,110,,619,50,,,0,114,,620,50,,,0,107,,602,50,,,0,110,,603,50,,,0,83,,604,50,,,0,75,,605,50,,,0,42,,606,50,,,0,74,,607,50,,,0,75,,608,50,,,0,36,,609,50,,,0,107,,610,50,,,0,110,,611,50,,,0,150,,613,50,,,0
2000,'cal3-sun-2',842,,693,50,,,0,100,,694,50,,,0,100,,697,50,,,0,100,,698,50,,,0,101,,699,50,,,0,100,,700,50,,,0,100,,701,50,,,0,100,,702,50,,,0,100,,703,50,,,0,98,,704,50,,,0,100,,695,50,,,0,100,,696,50,,,0
2000,'cal7-sat-3',641,,678,50,,,0,100,,679,50,,,0,101,,685,50,,,0,100,,686,50,,,0,100,,687,50,,,0,100,,688,50,,,0,101,,689,50,,,0,100,,690,50,,,0,100,,691,50,,,0,100,,692,50,,,0,100,,680,50,,,0,98,,681,50,,,0,100,,682,50,,,0,100,,683,50,,,0,100,,684,50,,,0
2000,'cal8-sat',641,,1434,50,,,0,100,,1435,50,,,0,101,,1446,50,,,0,100,,1447,50,,,0,100,,1448,50,,,0,100,,1449,50,,,0,101,,1450,50,,,0,100,,1451,50,,,0,100,,1452,50,,,0,100,,1453,50,,,0,100,,1436,50,,,0,98,,1437,50,,,0,100,,1438,50,,,0,100,,1439,50,,,0,100,,1440,50,,,0,99,,1441,50,,,0,100,,1442,50,,,0,100,,1443,50,,,0,100,,1444,50,,,0,100,,1445,50,,,0
3001,'cal2-sat-2',655,,799,1,0,5,0,100,,800,1,0,5,0,100,,802,1,0,5,0,100,,803,1,0,5,0,100,,804,1,0,5,0,100,,805,1,0,5,0,100,,806,1,0,5,0,100,,807,1,0,5,0,100,,808,1,0,5,0,100,,809,1,0,5,0,100,,801,1,0,5,0
3001,'cal3-sun-2',855,,810,1,0,5,0,100,,811,1,0,5,0,100,,813,1,0,5,0,100,,814,1,0,5,0,100,,815,1,0,5,0,100,,816,1,0,5,0,100,,817,1,0,5,0,100,,818,1,0,5,0,100,,819,1,0,5,0,100,,820,1,0,5,0,100,,812,1,0,5,0
3001,'cal4-mon-tue-wed',606,,832,1,0,5,0,122,,833,1,0,5,0,111,,837,1,0,5,0,110,,838,1,0,5,0,110,,839,1,0,5,0,150,,840,1,0,5,0,111,,841,1,0,5,0,111,,842,1,0,5,0,112,,843,1,0,5,0,157,,844,1,0,5,0,114,,834,1,0,5,0,110,,835,1,0,5,0,110,,836,1,0,5,0
3001,'cal5-mon-tue-wed-thu-fri-1',606,,845,1,0,5,0,122,,846,1,0,5,0,111,,851,1,0,5,0,110,,852,1,0,5,0,110,,853,1,0,5,0,150,,854,1,0,5,0,111,,855,1,0,5,0,111,,856,1,0,5,0,112,,857,1,0,5,0,157,,858,1,0,5,0,114,,847,1,0,5,0,110,,848,1,0,5,0,86,,849,1,0,5,0,24,,850,1,0,5,0
4000,'cal1-mon-tue-wed-thu-fri-3',612,,871,27,,,0,28,,872,27,,,0,66,,883,27,,,0,25,,894,27,,,0,27,,896,27,,,0,65,,897,27,,,0,27,,898,27,,,0,68,,899,27,,,0,22,,900,27,,,0,65,,901,27,,,0,25,,873,27,,,0,80,,874,27,,,0,40,,875,27,,,0,75,,876,27,,,0,76,,877,27,,,0,35,,878,27,,,0,74,,879,27,,,0,34,,880,27,,,0,78,,881,27,,,0,37,,882,27,,,0,74,,884,27,,,0,68,,885,27,,,0,28,,886,27,,,0,26,,887,27,,,0,73,,888,27,,,0,23,,889,27,,,0,65,,890,27,,,0,25,,891,27,,,0,91,,892,27,,,0,91,,893,27,,,0,87,,895,27,,,0
4000,'cal2-sat-2',629,,970,27,,,0,100,,971,27,,,0,100,,976,27,,,0,100,,977,27,,,0,100,,978,27,,,0,100,,979,27,,,0,100,,980,27,,,0,100,,981,27,,,0,100,,982,27,,,0,100,,983,27,,,0,100,,972,27,,,0,100,,973,27,,,0,100,,974,27,,,0,100,,975,27,,,0
4000,'cal3-sun-2',829,,984,27,,,0,100,,985,27,,,0,100,,987,27,,,0,100,,988,27,,,0,100,,989,27,,,0,100,,990,27,,,0,100,,991,27,,,0,100,,992,27,,,0,100,,993,27,,,0,100,,994,27,,,0,100,,986,27,,,0
5000,'cal3-sun-2',830,,1112,1,,,0,100,,1113,1,,,0,100,,1115,1,,,0,100,,1116,1,,,0,100,,1117,1,,,0,100,,1118,1,,,0,100,,1119,1,,,0,100,,1120,1,,,0,100,,1121,1,,,0,100,,1122,1,,,0,100,,1114,1,,,0
5000,'cal4-mon-tue-wed',613,,1187,1,,,0,114,,1188,1,,,0,108,,1192,1,,,0,113,,1193,1,,,0,110,,1194,1,,,0,150,,1195,1,,,0,110,,1196,1,,,0,111,,1197,1,,,0,118,,1198,1,,,0,154,,1199,1,,,0,111,,1189,1,,,0,110,,1190,1,,,0,110,,1191,1,,,0
5000,'cal5-mon-tue-wed-thu-fri-1',613,,1200,1,,,0,114,,1201,1,,,0,108,,1206,1,,,0,113,,1207,1,,,0,110,,1208,1,,,0,150,,1209,1,,,0,110,,1210,1,,,0,111,,1211,1,,,0,118,,1212,1,,,0,154,,1213,1,,,0,111,,1202,1,,,0,110,,1203,1,,,0,88,,1204,1,,,0,22,,1205,1,,,0
5000,'cal7-sat-3',630,,1173,1,,,0,100,,1174,1,,,0,100,,1179,1,,,0,100,,1180,1,,,0,100,,1181,1,,,0,100,,1182,1,,,0,100,,1183,1,,,0,100,,1184,1,,,0,100,,1185,1,,,0,100,,1186,1,,,0,100,,1175,1,,,0,100,,1176,1,,,0,100,,1177,1,,,0,100,,1178,1,,,0
5000,'cal8-sat',630,,1454,1,,,0,100,,1455,1,,,0,100,,1466,1,,,0,100,,1467,1,,,0,100,,1468,1,,,0,100,,1469,1,,,0,100,,1470,1,,,0,100,,1471,1,,,0,100,,1472,1,,,0,100,,1473,1,,,0,100,,1456,1,,,0,100,,1457,1,,,0,100,,1458,1,,,0,100,,1459,1,,,0,100,,1460,1,,,0,100,,1461,1,,,0,100,,1462,1,,,0,100,,1463,1,,,0,100,,1464,1,,,0,100,,1465,1,,,0
