4000,'cal1-mon-tue-wed-thu-fri-7',646,,871,62,4,,0,68,,872,62,4,,0,27,,883,62,4,,0,68,,894,62,4,,0,27,,896,62,4,,0,65,,897,62,4,,0,25,,898,62,4,,0,30,,899,62,4,,0,62,,900,62,4,,0,25,,901,62,4,,0,67,,873,62,4,,0,40,,874,62,4,,0,80,,875,62,4,,0,75,,876,62,4,,0,36,,877,62,4,,0,75,,878,62,4,,0,34,,879,62,4,,0,74,,880,62,4,,0,80,,881,62,4,,0,39,,882,62,4,,0,76,,884,62,4,,0,25,,885,62,4,,0,65,,886,62,4,,0,23,,887,62,4,,0,72,,888,62,4,,0,23,,889,62,4,,0,25,,890,62,4,,0,63,,891,62,4,,0,91,,892,62,4,,0,51,,893,62,4,,0,87,,895,62,4,,0
4000,'cal2-thu-fri',646,,902,62,4,,0,68,,903,62,4,,0,27,,914,62,4,,0,68,,925,62,4,,0,27,,929,62,4,,0,65,,930,62,4,,0,25,,931,62,4,,0,30,,932,62,4,,0,62,,933,62,4,,0,25,,934,62,4,,0,67,,904,62,4,,0,40,,905,62,4,,0,80,,906,62,4,,0,75,,907,62,4,,0,36,,908,62,4,,0,75,,909,62,4,,0,34,,910,62,4,,0,74,,911,62,4,,0,80,,912,62,4,,0,39,,913,62,4,,0,76,,915,62,4,,0,25,,916,62,4,,0,65,,917,62,4,,0,23,,918,62,4,,0,72,,919,62,4,,0,23,,920,62,4,,0,25,,921,62,4,,0,63,,922,62,4,,0,91,,923,62,4,,0,51,,924,62,4,,0,87,,926,62,4,,0,100,,927,62,4,,0,100,,928,62,4,,0
4000,'cal3-sat',703,,935,62,4,,0,103,,936,62,4,,0,100,,946,62,4,,0,100,,947,62,4,,0,101,,948,62,4,,0,101,,949,62,4,,0,100,,950,62,4,,0,99,,951,62,4,,0,100,,952,62,4,,0,100,,953,62,4,,0,100,,937,62,4,,0,99,,938,62,4,,0,98,,939,62,4,,0,100,,940,62,4,,0,100,,941,62,4,,0,100,,942,62,4,,0,100,,943,62,4,,0,100,,944,62,4,,0,100,,945,62,4,,0
4000,'cal4-sun',906,,954,62,4,,0,100,,955,62,4,,0,101,,962,62,4,,0,101,,963,62,4,,0,100,,964,62,4,,0,99,,965,62,4,,0,100,,966,62,4,,0,100,,967,62,4,,0,100,,968,62,4,,0,99,,969,62,4,,0,98,,956,62,4,,0,100,,957,62,4,,0,100,,958,62,4,,0,100,,959,62,4,,0,100,,960,62,4,,0,100,,961,62,4,,0
4000,'cal5-sat-2',703,,970,62,4,,0,103,,971,62,4,,0,100,,976,62,4,,0,100,,977,62,4,,0,101,,978,62,4,,0,101,,979,62,4,,0,100,,980,62,4,,0,99,,981,62,4,,0,100,,982,62,4,,0,100,,983,62,4,,0,100,,972,62,4,,0,99,,973,62,4,,0,98,,974,62,4,,0,100,,975,62,4,,0
4000,'cal6-sun-3',906,,984,62,4,,0,100,,985,62,4,,0,101,,987,62,4,,0,101,,988,62,4,,0,100,,989,62,4,,0,99,,990,62,4,,0,100,,991,62,4,,0,100,,992,62,4,,0,100,,993,62,4,,0,99,,994,62,4,,0,98,,986,62,4,,0
4001,'cal1-mon-tue-wed-thu-fri-7',546,,996,0,,,0,65,,1007,0,,,0,25,,1018,0,,,0,23,,1020,0,,,0,64,,1021,0,,,0,25,,1022,0,,,0,68,,1023,0,,,0,25,,1024,0,,,0,65,,1025,0,,,0,25,,997,0,,,0,75,,998,0,,,0,42,,999,0,,,0,70,,1000,0,,,0,82,,1001,0,,,0,35,,1002,0,,,0,75,,1003,0,,,0,36,,1004,0,,,0,75,,1005,0,,,0,34,,1006,0,,,0,74,,1008,0,,,0,27,,1009,0,,,0,65,,1010,0,,,0,30,,1011,0,,,0,75,,1012,0,,,0,25,,1013,0,,,0,67,,1014,0,,,0,26,,1015,0,,,0,90,,1016,0,,,0,90,,1017,0,,,0,90,,1019,0,,,0
4001,'cal2-thu-fri',546,,1027,0,,,0,65,,1038,0,,,0,25,,1049,0,,,0,23,,1051,0,,,0,64,,1052,0,,,0,25,,1053,0,,,0,68,,1054,0,,,0,25,,1055,0,,,0,65,,1056,0,,,0,25,,1028,0,,,0,75,,1029,0,,,0,42,,1030,0,,,0,70,,1031,0,,,0,82,,1032,0,,,0,35,,1033,0,,,0,75,,1034,0,,,0,36,,1035,0,,,0,75,,1036,0,,,0,34,,1037,0,,,0,74,,1039,0,,,0,27,,1040,0,,,0,65,,1041,0,,,0,30,,1042,0,,,0,75,,1043,0,,,0,25,,1044,0,,,0,67,,1045,0,,,0,26,,1046,0,,,0,90,,1047,0,,,0,90,,1048,0,,,0,90,,1050,0,,,0
4001,'cal3-sat',540,,1057,0,,,0,100,,1058,0,,,0,100,,1065,0,,,0,100,,1066,0,,,0,100,,1067,0,,,0,100,,1068,0,,,0,100,,1069,0,,,0,100,,1070,0,,,0,100,,1071,0,,,0,100,,1072,0,,,0,100,,1059,0,,,0,100,,1060,0,,,0,100,,1061,0,,,0,100,,1062,0,,,0,100,,1063,0,,,0,100,,1064,0,,,0
4001,'cal4-sun',740,,1073,0,,,0,100,,1074,0,,,0,100,,1079,0,,,0,100,,1080,0,,,0,100,,1081,0,,,0,100,,1082,0,,,0,100,,1083,0,,,0,100,,1084,0,,,0,100,,1085,0,,,0,100,,1086,0,,,0,100,,1075,0,,,0,100,,1076,0,,,0,100,,1077,0,,,0,100,,1078,0,,,0
4001,'cal5-sat-2',540,,1087,0,,,0,100,,1088,0,,,0,100,,1093,0,,,0,100,,1094,0,,,0,100,,1095,0,,,0,100,,1096,0,,,0,100,,1097,0,,,0,100,,1098,0,,,0,100,,1099,0,,,0,100,,1100,0,,,0,100,,1089,0,,,0,100,,1090,0,,,0,100,,1091,0,,,0,100,,1092,0,,,0
4001,'cal6-sun-3',740,,1101,0,,,0,100,,1102,0,,,0,100,,1104,0,,,0,100,,1105,0,,,0,100,,1106,0,,,0,100,,1107,0,,,0,100,,1108,0,,,0,100,,1109,0,,,0,100,,1110,0,,,0,100,,1111,0,,,0,100,,1103,0,,,0
1009601,'cal11-mon-tue-wed-thu-fri-4',647,,65,11,,,0,12,,66,11,,,0,88,,77,11,,,0,85,,81,11,,,0,10,,82,11,,,0,95,,83,11,,,0,102,,84,11,,,0,110,,85,11,,,0,110,,86,11,,,0,150,,87,11,,,0,110,,67,11,,,0,35,,68,11,,,0,80,,69,11,,,0,75,,70,11,,,0,30,,71,11,,,0,75,,72,11,,,0,38,,73,11,,,0,75,,74,11,,,0,75,,75,11,,,0,35,,76,11,,,0,110,,78,11,,,0,187,,79,11,,,0,188,,80,11,,,0
1009601,'cal12-sat-2',711,,1327,11,,,0,100,,1328,11,,,0,100,,1333,11,,,0,100,,1334,11,,,0,100,,1335,11,,,0,100,,1336,11,,,0,100,,1337,11,,,0,200,,1338,11,,,0,100,,1339,11,,,0,100,,1340,11,,,0,100,,1329,11,,,0,100,,1330,11,,,0,200,,1331,11,,,0,200,,1332,11,,,0
1009601,'cal13-sun-3',711,,102,11,,,0,200,,103,11,,,0,200,,104,11,,,0,200,,105,11,,,0,200,,106,11,,,0,200,,107,11,,,0,200,,108,11,,,0,200,,109,11,,,0,200,,110,11,,,0
