2000,'cal1-mon-tue-wed-thu-fri-3',458,,600,2,,,0,100,,601,2,,,0,76,,612,2,,,0,66,,614,2,,,0,49,,615,2,,,0,79,,616,2,,,0,26,,617,2,,,0,80,,618,2,,,0,110,,619,2,,,0,110,,620,2,,,0,150,,602,2,,,0,110,,603,2,,,0,40,,604,2,,,0,75,,605,2,,,0,76,,606,2,,,0,35,,607,2,,,0,82,,608,2,,,0,37,,609,2,,,0,149,,610,2,,,0,110,,611,2,,,0,110,,613,2,,,0
2000,'cal3-sun-2',804,,693,2,,,0,100,,694,2,,,0,100,,697,2,,,0,100,,698,2,,,0,100,,699,2,,,0,100,,700,2,,,0,100,,701,2,,,0,100,,702,2,,,0,100,,703,2,,,0,100,,704,2,,,0,100,,695,2,,,0,100,,696,2,,,0
2000,'cal7-sat-3',604,,678,2,,,0,100,,679,2,,,0,100,,685,2,,,0,100,,686,2,,,0,100,,687,2,,,0,100,,688,2,,,0,100,,689,2,,,0,100,,690,2,,,0,100,,691,2,,,0,100,,692,2,,,0,100,,680,2,,,0,100,,681,2,,,0,100,,682,2,,,0,100,,683,2,,,0,100,,684,2,,,0
2000,'cal8-sat',604,,1434,2,,,0,100,,1435,2,,,0,100,,1446,2,,,0,100,,1447,2,,,0,100,,1448,2,,,0,100,,1449,2,,,0,100,,1450,2,,,0,100,,1451,2,,,0,100,,1452,2,,,0,100,,1453,2,,,0,100,,1436,2,,,0,100,,1437,2,,,0,100,,1438,2,,,0,100,,1439,2,,,0,100,,1440,2,,,0,101,,1441,2,,,0,100,,1442,2,,,0,100,,1443,2,,,0,100,,1444,2,,,0,100,,1445,2,,,0
4001,'cal1-mon-tue-wed-thu-fri-3',537,,995,18,0,6,0,68,,996,18,,,0,25,,1007,18,,,0,25,,1018,18,,,0,64,,1020,18,,,0,24,,1021,18,,,0,68,,1022,18,,,0,29,,1023,18,,,0,62,,1024,18,,,0,25,,1025,18,,,0,25,,997,18,,,0,75,,998,18,,,0,82,,999,18,,,0,30,,1000,18,,,0,82,,1001,18,,,0,35,,1002,18,,,0,75,,1003,18,,,0,76,,1004,18,,,0,35,,1005,18,,,0,75,,1006,18,,,0,34,,1008,18,,,0,68,,1009,18,,,0,26,,1010,18,,,0,69,,1011,18,,,0,35,,1012,18,,,0,63,,1013,18,,,0,27,,1014,18,,,0,65,,1015,18,,,0,49,,1016,18,,,0,90,,1017,18,,,0,90,,1019,18,,,0
4001,'cal2-sat-2',558,,1087,18,,,0,100,,1088,18,,,0,100,,1093,18,,,0,100,,1094,18,,,0,101,,1095,18,,,0,99,,1096,18,,,0,100,,1097,18,,,0,100,,1098,18,,,0,100,,1099,18,,,0,100,,1100,18,,,0,100,,1089,18,,,0,100,,1090,18,,,0,142,,1091,18,,,0,58,,1092,18,,,0
4001,'cal3-sun-2',758,,1101,18,,,0,100,,1102,18,,,0,101,,1104,18,,,0,99,,1105,18,,,0,100,,1106,18,,,0,100,,1107,18,,,0,100,,1108,18,,,0,100,,1109,18,,,0,100,,1110,18,,,0,100,,1111,18,,,0,142,,1103,18,,,0
1009600,'cal10-sat-2',604,,42,2,,,0,100,,43,2,,,0,100,,48,2,,,0,100,,49,2,,,0,100,,50,2,,,0,100,,51,2,,,0,100,,52,2,,,0,200,,53,2,,,0,100,,54,2,,,0,100,,55,2,,,0,100,,44,2,,,0,100,,45,2,,,0,200,,46,2,,,0,200,,47,2,,,0
1009600,'cal11-sun-2',604,,56,2,,,0,200,,57,2,,,0,200,,58,2,,,0,200,,59,2,,,0,200,,60,2,,,0,200,,61,2,,,0,200,,62,2,,,0,200,,63,2,,,0,200,,64,2,,,0
1009600,'cal9-mon-tue-wed-thu-fri-3',454,,1304,2,,,0,100,,1305,2,,,0,85,,1316,2,,,0,70,,1320,2,,,0,25,,1321,2,,,0,68,,1322,2,,,0,42,,1323,2,,,0,60,,1324,2,,,0,30,,1325,2,,,0,110,,1326,2,,,0,110,,1306,2,,,0,150,,1307,2,,,0,110,,1308,2,,,0,110,,1309,2,,,0,35,,1310,2,,,0,75,,1311,2,,,0,75,,1312,2,,,0,35,,1313,2,,,0,75,,1314,2,,,0,110,,1315,2,,,0,110,,1317,2,,,0,190,,1318,2,,,0,180,,1319,2,,,0
5009600,'cal9-mon-tue-wed-thu-fri-3',534,,1341,2,,,0,78,,1342,2,,,0,12,,1350,2,,,0,10,,1351,2,,,0,10,,1352,2,,,0,10,,1353,2,,,0,50,,1354,2,,,0,10,,1355,2,,,0,30,,1356,2,,,0,70,,1357,2,,,0,40,,1343,2,,,0,80,,1344,2,,,0,75,,1345,2,,,0,110,,1346,2,,,0,110,,1347,2,,,0,305,,1348,2,,,0,172,,1349,2,,,0
