10,1000,'cal2-sat-2',534,535,536,537,538,539,540,541,542,543,544,545,546,547
10,1000,'cal4-sat',548,549,550,551,552,553,554,555,556,557,558,559,560,561
10,1000,'cal6-9',562,563,564,565,566,567,568,569,570,571,572,573,574,575,576,577,578,579
10,1000,'cal7-mon-tue-wed-thu-fri-2',580,581,582,583,584,585,586,587,588,589,590,591,592,593,594,595,596,597,598
20,2000,'cal1-mon-tue-wed-thu-fri-4',600,601,602,603,604,605,606,607,608,609,610,611,612,613,614,615,616,617,618,619,620
20,2000,'cal2-sat-2',678,679,680,681,682,683,684,685,686,687,688,689,690,691,692
20,2000,'cal3-sun-3',693,694,695,696,697,698,699,700,701,702,703,704
20,2000,'cal4-sat',644,645,646,647,648,649,650,651,652,653,654,655,656,657,658,659,660,661
20,2000,'cal5-sun',662,663,664,665,666,667,668,669,670,671,672,673,674,675,676,677
30,3000,'cal1-mon-tue-wed-thu-fri-4',705,706,707,708,709,710,711,712,713,714,715,716,717
30,3000,'cal2-sat-2',753,754,755,756,757,758,759,760,761,762,763
30,3000,'cal3-sun-3',742,743,744,745,746,747,748,749,750,751,752
30,3000,'cal4-sat',731,732,733,734,735,736,737,738,739,740,741
30,3000,'cal5-sun',764,765,766,767,768,769,770,771,772,773,774
30,3001,'cal2-sat-2',799,800,801,802,803,804,805,806,807,808,809
30,3001,'cal3-sun-3',810,811,812,813,814,815,816,817,818,819,820
30,3001,'cal4-sat',821,822,823,824,825,826,827,828,829,830,831
30,3001,'cal5-sun',775,776,777,778,779,780,781,782,783,784,785
30,3001,'cal6-9',832,833,834,835,836,837,838,839,840,841,842,843,844
30,3001,'cal7-mon-tue-wed-thu-fri-2',845,846,847,848,849,850,851,852,853,854,855,856,857,858
40,4000,'cal1-mon-tue-wed-thu-fri-4',871,872,873,874,875,876,877,878,879,880,881,882,883,884,885,886,887,888,889,890,891,892,893,894,895,896,897,898,899,900,901
40,4000,'cal2-sat-2',970,971,972,973,974,975,976,977,978,979,980,981,982,983
40,4000,'cal3-sun-3',984,985,986,987,988,989,990,991,992,993,994
40,4000,'cal4-sat',935,936,937,938,939,940,941,942,943,944,945,946,947,948,949,950,951,952,953
40,4000,'cal5-sun',954,955,956,957,958,959,960,961,962,963,964,965,966,967,968,969
40,4001,'cal1-mon-tue-wed-thu-fri-4',995,996,997,998,999,1000,1001,1002,1003,1004,1005,1006,1007,1008,1009,1010,1011,1012,1013,1014,1015,1016,1017,1018,1019,1020,1021,1022,1023,1024,1025
40,4001,'cal2-sat-2',1087,1088,1089,1090,1091,1092,1093,1094,1095,1096,1097,1098,1099,1100
40,4001,'cal3-sun-3',1101,1102,1103,1104,1105,1106,1107,1108,1109,1110,1111
40,4001,'cal4-sat',1057,1058,1059,1060,1061,1062,1063,1064,1065,1066,1067,1068,1069,1070,1071,1072
40,4001,'cal5-sun',1073,1074,1075,1076,1077,1078,1079,1080,1081,1082,1083,1084,1085,1086
50,5000,'cal2-sat-2',1173,1174,1175,1176,1177,1178,1179,1180,1181,1182,1183,1184,1185,1186
50,5000,'cal3-sun-3',1112,1113,1114,1115,1116,1117,1118,1119,1120,1121,1122
50,5000,'cal4-sat',1400,1401,1402,1403,1404,1405,1406,1407,1408,1409,1410,1411,1412,1413,1414,1415,1416,1417
50,5000,'cal5-sun',1418,1419,1420,1421,1422,1423,1424,1425,1426,1427,1428,1429,1430,1431,1432,1433
50,5000,'cal6-9',1187,1188,1189,1190,1191,1192,1193,1194,1195,1196,1197,1198,1199
50,5000,'cal7-mon-tue-wed-thu-fri-2',1200,1201,1202,1203,1204,1205,1206,1207,1208,1209,1210,1211,1212,1213
50,5001,'cal1-mon-tue-wed-thu-fri-4',1226,1227,1228,1229,1230,1231,1232,1233,1234,1235,1236,1237,1238,1239
50,5001,'cal2-sat-2',1254,1255,1256,1257,1258,1259,1260,1261,1262,1263,1264,1265,1266,1267
50,5001,'cal3-sun-3',1293,1294,1295,1296,1297,1298,1299,1300,1301,1302,1303
50,5001,'cal4-sat',1279,1280,1281,1282,1283,1284,1285,1286,1287,1288,1289,1290,1291,1292
50,5001,'cal5-sun',1268,1269,1270,1271,1272,1273,1274,1275,1276,1277,1278
10096,1009600,'cal10-sat-2',42,43,44,45,46,47,48,49,50,51,52,53,54,55
10096,1009600,'cal11-sun-3',56,57,58,59,60,61,62,63,64
10096,1009600,'cal9-mon-tue-wed-thu-fri-4',1304,1305,1306,1307,1308,1309,1310,1311,1312,1313,1314,1315,1316,1317,1318,1319,1320,1321,1322,1323,1324,1325,1326
10096,1009601,'cal10-sat-2',1327,1328,1329,1330,1331,1332,1333,1334,1335,1336,1337,1338,1339,1340
10096,1009601,'cal11-sun-3',102,103,104,105,106,107,108,109,110
10096,1009601,'cal9-mon-tue-wed-thu-fri-4',65,66,67,68,69,70,71,72,73,74,75,76,77,78,79,80,81,82,83,84,85,86,87
50096,5009600,'cal9-mon-tue-wed-thu-fri-4',1341,1342,1343,1344,1345,1346,1347,1348,1349,1350,1351,1352,1353,1354,1355,1356,1357
50096,5009601,'cal9-mon-tue-wed-thu-fri-4',1358,1359,1360,1361,1362,1363,1364,1365,1366,1367,1368,1369,1370,1371,1372,1373,1374,1375,1376,1377,1378
190096,19009600,'cal9-mon-tue-wed-thu-fri-4',1379,1380,1381,1382,1383,1384,1385,1386
190096,19009601,'cal9-mon-tue-wed-thu-fri-4',1387,1388,1389,1390,1391,1392,1393,1394,1395
1376096,137609600,'cal4-sat',1396,1397
1376096,137609600,'cal5-sun',1398,1399
