1000,'cal2-thu-fri',643,,516,65,,,0,80,,517,65,,,0,89,,526,65,,,0,29,,527,65,,,0,72,,528,65,,,0,31,,529,65,,,0,77,,530,65,,,0,110,,531,65,,,0,110,,532,65,,,0,110,,533,65,,,0,151,,518,65,,,0,41,,519,65,,,0,78,,520,65,,,0,38,,521,65,,,0,74,,522,65,,,0,75,,523,65,,,0,35,,524,65,,,0,110,,525,65,,,0
1000,'cal3-sat',645,,534,65,,,0,102,,535,65,,,0,100,,540,65,,,0,100,,541,65,,,0,100,,542,65,,,0,102,,543,65,,,0,100,,544,65,,,0,100,,545,65,,,0,100,,546,65,,,0,100,,547,65,,,0,100,,536,65,,,0,100,,537,65,,,0,100,,538,65,,,0,100,,539,65,,,0
1000,'cal5-sat-2',645,,548,65,,,0,102,,549,65,,,0,100,,554,65,,,0,100,,555,65,,,0,100,,556,65,,,0,102,,557,65,,,0,100,,558,65,,,0,100,,559,65,,,0,100,,560,65,,,0,100,,561,65,,,0,100,,550,65,,,0,100,,551,65,,,0,100,,552,65,,,0,100,,553,65,,,0
1000,'cal7-13',643,,562,65,,,0,80,,563,65,,,0,89,,572,65,,,0,29,,573,65,,,0,72,,574,65,,,0,31,,575,65,,,0,77,,576,65,,,0,110,,577,65,,,0,110,,578,65,,,0,110,,579,65,,,0,151,,564,65,,,0,41,,565,65,,,0,78,,566,65,,,0,38,,567,65,,,0,74,,568,65,,,0,75,,569,65,,,0,35,,570,65,,,0,110,,571,65,,,0
1000,'cal8-mon-tue-wed-thu-fri-2',643,,580,65,,,0,80,,581,65,,,0,89,,591,65,,,0,29,,592,65,,,0,72,,593,65,,,0,31,,594,65,,,0,77,,595,65,,,0,110,,596,65,,,0,110,,597,65,,,0,110,,598,65,,,0,151,,582,65,,,0,41,,583,65,,,0,78,,584,65,,,0,38,,585,65,,,0,74,,586,65,,,0,75,,587,65,,,0,35,,588,65,,,0,110,,589,65,,,0,87,,590,65,,,0
1000,'cal9-2',2040,,599,65,,,0
4000,'cal1-mon-tue-wed-thu-fri-7',623,,871,45,,,0,28,,872,45,,,0,66,,883,45,,,0,27,,894,45,,,0,67,,896,45,,,0,25,,897,45,,,0,67,,898,45,,,0,29,,899,45,,,0,22,,900,45,,,0,65,,901,45,,,0,25,,873,45,,,0,80,,874,45,,,0,80,,875,45,,,0,35,,876,45,,,0,76,,877,45,,,0,35,,878,45,,,0,74,,879,45,,,0,34,,880,45,,,0,79,,881,45,,,0,77,,882,45,,,0,34,,884,45,,,0,67,,885,45,,,0,27,,886,45,,,0,64,,887,45,,,0,33,,888,45,,,0,63,,889,45,,,0,25,,890,45,,,0,25,,891,45,,,0,91,,892,45,,,0,91,,893,45,,,0,87,,895,45,,,0
4000,'cal2-thu-fri',623,,902,45,,,0,28,,903,45,,,0,66,,914,45,,,0,27,,925,45,,,0,67,,929,45,,,0,25,,930,45,,,0,67,,931,45,,,0,29,,932,45,,,0,22,,933,45,,,0,65,,934,45,,,0,25,,904,45,,,0,80,,905,45,,,0,80,,906,45,,,0,35,,907,45,,,0,76,,908,45,,,0,35,,909,45,,,0,74,,910,45,,,0,34,,911,45,,,0,79,,912,45,,,0,77,,913,45,,,0,34,,915,45,,,0,67,,916,45,,,0,27,,917,45,,,0,64,,918,45,,,0,33,,919,45,,,0,63,,920,45,,,0,25,,921,45,,,0,25,,922,45,,,0,91,,923,45,,,0,91,,924,45,,,0,87,,926,45,,,0,100,,927,45,,,0,100,,928,45,,,0
4000,'cal3-sat',640,,935,45,,,0,101,,936,45,,,0,100,,946,45,,,0,100,,947,45,,,0,101,,948,45,,,0,100,,949,45,,,0,100,,950,45,,,0,100,,951,45,,,0,100,,952,45,,,0,100,,953,45,,,0,100,,937,45,,,0,99,,938,45,,,0,99,,939,45,,,0,100,,940,45,,,0,100,,941,45,,,0,100,,942,45,,,0,100,,943,45,,,0,100,,944,45,,,0,100,,945,45,,,0
4000,'cal4-sun',841,,954,45,,,0,100,,955,45,,,0,101,,962,45,,,0,100,,963,45,,,0,100,,964,45,,,0,100,,965,45,,,0,100,,966,45,,,0,100,,967,45,,,0,100,,968,45,,,0,99,,969,45,,,0,99,,956,45,,,0,100,,957,45,,,0,100,,958,45,,,0,100,,959,45,,,0,100,,960,45,,,0,100,,961,45,,,0
4000,'cal5-sat-2',640,,970,45,,,0,101,,971,45,,,0,100,,976,45,,,0,100,,977,45,,,0,101,,978,45,,,0,100,,979,45,,,0,100,,980,45,,,0,100,,981,45,,,0,100,,982,45,,,0,100,,983,45,,,0,100,,972,45,,,0,99,,973,45,,,0,99,,974,45,,,0,100,,975,45,,,0
4000,'cal6-sun-3',841,,984,45,,,0,100,,985,45,,,0,101,,987,45,,,0,100,,988,45,,,0,100,,989,45,,,0,100,,990,45,,,0,100,,991,45,,,0,100,,992,45,,,0,100,,993,45,,,0,99,,994,45,,,0,99,,986,45,,,0
5000,'cal10-sun-1',850,,1112,33,,,0,100,,1113,33,,,0,100,,1115,33,,,0,100,,1116,33,,,0,100,,1117,33,,,0,100,,1118,33,,,0,100,,1119,33,,,0,100,,1120,33,,,0,100,,1121,33,,,0,99,,1122,33,,,0,100,,1114,33,,,0
5000,'cal2-thu-fri',634,,1123,33,,,0,114,,1124,33,,,0,108,,1131,33,,,0,153,,1132,33,,,0,110,,1133,33,,,0,110,,1134,33,,,0,110,,1135,33,,,0,111,,1136,33,,,0,159,,1137,33,,,0,112,,1138,33,,,0,110,,1125,33,,,0,110,,1126,33,,,0,110,,1127,33,,,0,92,,1128,33,,,0,90,,1129,33,,,0,190,,1130,33,,,0
5000,'cal3-sat',649,,1139,33,,,0,100,,1140,33,,,0,101,,1149,33,,,0,100,,1150,33,,,0,100,,1151,33,,,0,100,,1152,33,,,0,100,,1153,33,,,0,100,,1154,33,,,0,100,,1155,33,,,0,100,,1156,33,,,0,100,,1141,33,,,0,99,,1142,33,,,0,100,,1143,33,,,0,100,,1144,33,,,0,100,,1145,33,,,0,100,,1146,33,,,0,100,,1147,33,,,0,100,,1148,33,,,0
5000,'cal4-sun',850,,1157,33,,,0,100,,1158,33,,,0,100,,1165,33,,,0,100,,1166,33,,,0,100,,1167,33,,,0,100,,1168,33,,,0,100,,1169,33,,,0,100,,1170,33,,,0,100,,1171,33,,,0,99,,1172,33,,,0,100,,1159,33,,,0,100,,1160,33,,,0,100,,1161,33,,,0,100,,1162,33,,,0,100,,1163,33,,,0,100,,1164,33,,,0
5000,'cal5-sat-2',649,,1173,33,,,0,100,,1174,33,,,0,101,,1179,33,,,0,100,,1180,33,,,0,100,,1181,33,,,0,100,,1182,33,,,0,100,,1183,33,,,0,100,,1184,33,,,0,100,,1185,33,,,0,100,,1186,33,,,0,100,,1175,33,,,0,99,,1176,33,,,0,100,,1177,33,,,0,100,,1178,33,,,0
5000,'cal7-13',634,,1187,33,,,0,114,,1188,33,,,0,108,,1192,33,,,0,153,,1193,33,,,0,110,,1194,33,,,0,110,,1195,33,,,0,110,,1196,33,,,0,111,,1197,33,,,0,159,,1198,33,,,0,112,,1199,33,,,0,110,,1189,33,,,0,110,,1190,33,,,0,110,,1191,33,,,0
5000,'cal8-mon-tue-wed-thu-fri-2',634,,1200,33,,,0,114,,1201,33,,,0,108,,1206,33,,,0,153,,1207,33,,,0,110,,1208,33,,,0,110,,1209,33,,,0,110,,1210,33,,,0,111,,1211,33,,,0,159,,1212,33,,,0,112,,1213,33,,,0,110,,1202,33,,,0,110,,1203,33,,,0,90,,1204,33,,,0,20,,1205,33,,,0
5000,'cal9-2',850,,1214,33,,,0,100,,1215,33,,,0,100,,1218,33,,,0,100,,1219,33,,,0,100,,1220,33,,,0,100,,1221,33,,,0,100,,1222,33,,,0,100,,1223,33,,,0,100,,1224,33,,,0,99,,1225,33,,,0,100,,1216,33,,,0,182,,1217,33,,,0
1009601,'cal11-mon-tue-wed-thu-fri-4',701,,65,28,,,0,12,,66,28,,,0,88,,77,28,,,0,45,,81,28,,,0,10,,82,28,,,0,95,,83,28,,,0,102,,84,28,,,0,150,,85,28,,,0,110,,86,28,,,0,110,,87,28,,,0,110,,67,28,,,0,75,,68,28,,,0,40,,69,28,,,0,75,,70,28,,,0,30,,71,28,,,0,75,,72,28,,,0,78,,73,28,,,0,35,,74,28,,,0,75,,75,28,,,0,35,,76,28,,,0,150,,78,28,,,0,147,,79,28,,,0,188,,80,28,,,0
1009601,'cal12-sat-2',727,,1327,28,,,0,100,,1328,28,,,0,100,,1333,28,,,0,100,,1334,28,,,0,100,,1335,28,,,0,100,,1336,28,,,0,100,,1337,28,,,0,200,,1338,28,,,0,100,,1339,28,,,0,100,,1340,28,,,0,100,,1329,28,,,0,100,,1330,28,,,0,200,,1331,28,,,0,200,,1332,28,,,0
1009601,'cal13-sun-3',727,,102,28,,,0,200,,103,28,,,0,200,,104,28,,,0,200,,105,28,,,0,200,,106,28,,,0,200,,107,28,,,0,200,,108,28,,,0,200,,109,28,,,0,200,,110,28,,,0
5009601,'cal11-mon-tue-wed-thu-fri-4',916,,1358,13,,,0,94,,1359,13,,,0,205,,1370,13,,,0,110,,1372,13,,,0,110,,1373,13,,,0,110,,1374,13,,,0,70,,1375,13,,,0,21,,1376,13,,,0,22,,1377,13,,,0,48,,1378,13,,,0,9,,1360,13,,,0,24,,1361,13,,,0,62,,1362,13,,,0,4,,1363,13,,,0,35,,1364,13,,,0,11,,1365,13,,,0,50,,1366,13,,,0,24,,1367,13,,,0,96,,1368,13,,,0,90,,1369,13,,,0,119,,1371,13,,,0
