1000,9000,1,0,0
1000,1000,2,0,0
1000,8010,3,0,0
1000,1005,4,0,0
1000,1010,5,0,0
1000,1015,6,0,0
1000,1020,7,0,0
1000,1025,8,0,0
1000,1030,9,0,0
1000,1035,10,0,0
1000,1040,11,0,0
1000,1045,12,0,0
1000,1050,13,0,0
1000,1055,14,0,0
1000,1060,15,0,0
1000,1065,16,0,0
1000,1070,17,0,0
1000,1075,18,0,0
1000,8015,19,0,0
1000,9006,20,0,0
1000,5,21,0,0
1000,1085,22,0,0
1000,1090,23,0,0
1000,1095,24,0,0
1000,1100,25,0,0
1000,8301,26,0,0
1000,8025,27,0,0
1000,1110,28,0,0
1000,1111,29,0,0
1000,1115,30,0,0
1000,1120,31,0,0
1000,1125,32,0,0
1000,1130,33,0,0
1000,1135,34,0,0
1000,1140,35,0,0
1000,1145,36,0,0
1000,1150,37,0,0
1000,1155,38,0,0
1000,1160,39,0,0
1000,8030,40,0,0
1000,1165,41,0,0
1000,1170,42,0,0
1000,1175,43,0,0
1000,1180,44,0,0
1000,1185,45,0,0
1000,1190,46,0,0
1000,1195,47,0,0
1000,8035,48,0,0
1000,1200,49,0,0
1000,1205,50,0,0
1000,1210,51,0,0
1000,1215,52,0,0
1000,1220,53,0,0
1000,1225,54,0,0
1000,1230,55,0,0
1000,1235,56,0,0
1000,1240,57,0,0
1000,1245,58,0,0
1000,1250,59,0,0
1000,1255,60,0,0
1000,8041,61,0,0
1000,9013,62,0,0
1000,9010,63,0,0
1000,9008,64,0,0
1000,9002,65,0,0
1000,9004,66,0,0
2000,9000,1,0,0
2000,9003,2,0,0
2000,9001,3,0,0
2000,9007,4,0,0
2000,9009,5,0,0
2000,9012,6,0,0
2000,9011,7,0,0
2000,2000,8,0,0
2000,2005,9,0,0
2000,2010,10,0,0
2000,2015,11,0,0
2000,2020,12,0,0
2000,2025,13,0,0
2000,2030,14,0,0
2000,2035,15,0,0
2000,2040,16,0,0
2000,2045,17,0,0
2000,2050,18,0,0
2000,2055,19,0,0
2000,2060,20,0,0
2000,8036,21,0,0
2000,2070,22,0,0
2000,2075,23,0,0
2000,2080,24,0,0
2000,2085,25,0,0
2000,2090,26,0,0
2000,2095,27,0,0
2000,2100,28,0,0
2000,2105,29,0,0
2000,2110,30,0,0
2000,2115,31,0,0
2000,2120,32,0,0
2000,2125,33,0,0
2000,2130,34,0,0
2000,2135,35,0,0
2000,2140,36,0,0
2000,2145,37,0,0
2000,2160,38,0,0
2000,2165,39,0,0
2000,2170,40,0,0
2000,2175,41,0,0
2000,2180,42,0,0
2000,2185,43,0,0
2000,8026,44,0,0
2000,8300,45,0,0
2000,2190,46,0,0
2000,2195,47,0,0
2000,2200,48,0,0
2000,2205,49,0,0
2000,1,50,0,0
2000,9005,51,0,0
2000,8018,52,0,0
2000,2210,53,0,0
2000,2215,54,0,0
2000,2220,55,0,0
2000,2225,56,0,0
2000,2230,57,0,0
2000,2235,58,0,0
2000,2240,59,0,0
2000,2245,60,0,0
2000,2250,61,0,0
2000,2255,62,0,0
2000,2260,63,0,0
2000,2265,64,0,0
2000,2270,65,0,0
2000,2275,66,0,0
2000,2280,67,0,0
2000,2285,68,0,0
2000,2290,69,0,0
2000,8170,70,0,0
3000,3001,1,0,0
3000,3005,2,0,0
3000,3010,3,0,0
3000,3015,4,0,0
3000,3020,5,0,0
3000,3025,6,0,0
3000,3030,7,0,0
3000,3035,8,0,0
3000,3040,9,0,0
3000,8120,10,0,0
3000,9031,11,0,0
3000,3046,12,0,0
3000,3047,13,0,0
3000,3048,14,0,0
3000,3049,15,0,0
3000,3050,16,0,0
3000,12,17,0,0
3000,3055,18,0,0
3000,3060,19,0,0
3000,3065,20,0,0
3000,3070,21,0,0
3000,3075,22,0,0
3000,3080,23,0,0
3000,3085,24,0,0
3000,3090,25,0,0
3000,3095,26,0,0
3000,8250,27,0,0
3000,8240,28,0,0
3000,8260,29,0,0
3000,8270,30,0,0
3000,8280,31,0,0
3000,8100,32,0,0
3000,8110,33,0,0
3000,8016,34,0,0
3000,9006,35,0,0
3000,3,36,1,1
3001,3,1,0,0
3001,9005,2,0,0
3001,8019,3,0,0
3001,8111,4,0,0
3001,8101,5,0,0
3001,8281,6,0,0
3001,8271,7,0,0
3001,8061,8,0,0
3001,8241,9,0,0
3001,8252,10,0,0
3001,3100,11,0,0
3001,3105,12,0,0
3001,3110,13,0,0
3001,3115,14,0,0
3001,3120,15,0,0
3001,3125,16,0,0
3001,3130,17,0,0
3001,3135,18,0,0
3001,3140,19,0,0
3001,12,20,0,0
3001,3145,21,0,0
3001,3146,22,0,0
3001,3147,23,0,0
3001,3148,24,0,0
3001,3149,25,0,0
3001,3150,26,0,0
3001,9032,27,0,0
3001,3155,28,0,0
3001,3160,29,0,0
3001,3165,30,0,0
3001,3170,31,0,0
3001,3175,32,0,0
3001,3180,33,0,0
3001,3185,34,0,0
3001,3190,35,0,0
3001,3000,36,0,0
3001,3002,37,1,1
4000,8501,1,0,0
4000,9022,2,0,0
4000,9021,3,0,0
4000,9019,4,0,0
4000,9017,5,0,0
4000,4015,6,0,0
4000,4020,7,0,0
4000,4025,8,0,0
4000,4030,9,0,0
4000,4035,10,0,0
4000,4040,11,0,0
4000,4045,12,0,0
4000,4050,13,0,0
4000,4055,14,0,0
4000,4060,15,0,0
4000,8170,16,0,0
4000,13,17,0,0
4000,9003,18,0,0
4000,9001,19,0,0
4000,9007,20,0,0
4000,9009,21,0,0
4000,9012,22,0,0
4000,9011,23,0,0
4000,8180,24,0,0
4000,8190,25,0,0
4000,8200,26,0,0
4000,8210,27,0,0
4000,8251,28,0,0
4000,8240,29,0,0
4000,8260,30,0,0
4000,8270,31,0,0
4000,8280,32,0,0
4000,8100,33,0,0
4000,8110,34,0,0
4000,8016,35,0,0
4000,9006,36,0,0
4000,3,37,1,1
4001,3,1,0,0
4001,4065,2,0,0
4001,4070,3,0,0
4001,4075,4,0,0
4001,4076,5,0,0
4001,4080,6,0,0
4001,4085,7,0,0
4001,4090,8,0,0
4001,4095,9,0,0
4001,4100,10,0,0
4001,4105,11,0,0
4001,4110,12,0,0
4001,4115,13,0,0
4001,4120,14,0,0
4001,4125,15,0,0
4001,4130,16,0,0
4001,4135,17,0,0
4001,4140,18,0,0
4001,4145,19,0,0
4001,4155,20,0,0
4001,4150,21,0,0
4001,4160,22,0,0
4001,4165,23,0,0
4001,4170,24,0,0
4001,4175,25,0,0
4001,4180,26,0,0
4001,2,27,0,0
4001,9005,28,0,0
4001,8019,29,0,0
4001,8111,30,0,0
4001,8101,31,0,0
4001,8281,32,0,0
4001,8271,33,0,0
4001,8061,34,0,0
4001,8241,35,0,0
4001,8253,36,0,0
4001,8211,37,0,0
4001,8201,38,0,0
4001,8191,39,0,0
4001,8181,40,0,0
4001,9013,41,0,0
4001,9010,42,0,0
4001,9008,43,0,0
4001,9002,44,0,0
4001,9004,45,0,0
4001,13,46,0,0
4001,4185,47,0,0
4001,4190,48,0,0
4001,4195,49,0,0
4001,4200,50,0,0
4001,4205,51,0,0
4001,4210,52,0,0
4001,4215,53,0,0
4001,4220,54,0,0
4001,4225,55,0,0
4001,4230,56,0,0
4001,4235,57,0,0
4001,9016,58,0,0
4001,9018,59,0,0
4001,9020,60,0,0
4001,8133,61,0,0
4001,8501,62,1,1
5000,14,1,0,0
5000,9003,2,0,0
5000,8088,3,0,0
5000,5000,4,0,0
5000,5005,5,0,0
5000,5010,6,0,0
5000,8233,7,0,0
5000,5015,8,0,0
5000,5020,9,0,0
5000,5025,10,0,0
5000,9034,11,0,0
5000,9014,12,0,0
5000,9011,13,0,0
5000,8180,14,0,0
5000,8190,15,0,0
5000,8200,16,0,0
5000,8212,17,0,0
5000,5035,18,0,0
5000,5040,19,0,0
5000,5045,20,0,0
5000,5050,21,0,0
5000,5055,22,0,0
5000,5060,23,0,0
5000,5065,24,0,0
5000,5070,25,0,0
5000,5075,26,0,0
5000,5080,27,0,0
5000,5085,28,0,0
5000,5090,29,0,0
5000,8026,30,0,0
5000,8300,31,0,0
5000,5105,32,0,0
5000,5110,33,0,0
5000,8017,34,0,0
5000,9006,35,0,0
5000,4,36,1,1
5001,4,1,0,0
5001,9005,2,0,0
5001,8020,3,0,0
5001,5115,4,0,0
5001,5120,5,0,0
5001,8302,6,0,0
5001,8025,7,0,0
5001,5135,8,0,0
5001,5140,9,0,0
5001,5145,10,0,0
5001,5150,11,0,0
5001,5155,12,0,0
5001,5160,13,0,0
5001,5165,14,0,0
5001,5170,15,0,0
5001,5175,16,0,0
5001,5180,17,0,0
5001,8213,18,0,0
5001,8201,19,0,0
5001,8191,20,0,0
5001,8181,21,0,0
5001,8292,22,0,0
5001,9015,23,0,0
5001,5190,24,0,0
5001,5195,25,0,0
5001,5200,26,0,0
5001,8232,27,0,0
5001,5205,28,0,0
5001,5210,29,0,0
5001,5215,30,0,0
5001,8083,31,0,0
5001,9004,32,0,0
5001,14,33,1,1
1009600,15,1,0,0
1009600,9003,2,0,0
1009600,9001,3,0,0
1009600,9007,4,0,0
1009600,9009,5,0,0
1009600,9012,6,0,0
1009600,9015,7,0,0
1009600,9033,8,0,0
1009600,9023,9,0,0
1009600,9027,10,0,0
1009600,8480,11,0,0
1009600,9029,12,0,0
1009600,9031,13,0,0
1009600,9016,14,0,0
1009600,9018,15,0,0
1009600,9020,16,0,0
1009600,8133,17,0,0
1009600,8500,18,0,0
1009600,8510,19,0,0
1009600,8350,20,0,0
1009600,8354,21,0,0
1009600,8352,22,0,0
1009600,9035,23,0,0
1009600,8466,24,0,0
1009600,8464,25,0,0
1009600,8465,26,0,0
1009600,8400,27,0,0
1009600,8445,28,0,0
1009600,8450,29,0,0
1009600,8460,30,0,0
1009600,6001,31,1,1
1009601,6003,1,0,0
1009601,8461,2,0,0
1009601,8451,3,0,0
1009601,8449,4,0,0
1009601,8448,5,0,0
1009601,8446,6,0,0
1009601,8401,7,0,0
1009601,8467,8,0,0
1009601,8468,9,0,0
1009601,8353,10,0,0
1009601,8351,11,0,0
1009601,8501,12,0,0
1009601,9022,13,0,0
1009601,9021,14,0,0
1009601,9019,15,0,0
1009601,9017,16,0,0
1009601,3150,17,0,0
1009601,9032,18,0,0
1009601,9030,19,0,0
1009601,9026,20,0,0
1009601,9028,21,0,0
1009601,9024,22,0,0
1009601,9034,23,0,0
1009601,9014,24,0,0
1009601,9013,25,0,0
1009601,9010,26,0,0
1009601,9008,27,0,0
1009601,9002,28,0,0
1009601,9004,29,0,0
1009601,15,30,1,1
5009600,6005,1,0,0
5009600,3150,2,0,0
5009600,9032,3,0,0
5009600,9030,4,0,0
5009600,9026,5,0,0
5009600,9028,6,0,0
5009600,9024,7,0,0
5009600,9034,8,0,0
5009600,9014,9,0,0
5009600,9013,10,0,0
5009600,9010,11,0,0
5009600,9008,12,0,0
5009600,9002,13,0,0
5009600,9004,14,0,0
5009600,16,15,1,1
5009601,16,1,0,0
5009601,9003,2,0,0
5009601,9001,3,0,0
5009601,9007,4,0,0
5009601,9009,5,0,0
5009601,9012,6,0,0
5009601,9015,7,0,0
5009601,9033,8,0,0
5009601,9023,9,0,0
5009601,9027,10,0,0
5009601,8480,11,0,0
5009601,9029,12,0,0
5009601,9031,13,0,0
5009601,6005,14,1,1
19009600,6005,1,0,0
19009600,17,2,1,1
19009601,17,1,0,0
19009601,6005,2,1,1
