2000,'cal1-mon-tue-wed-thu-fri-3',500,,600,6,,,0,100,,601,6,,,0,36,,612,6,,,0,67,,614,6,,,0,49,,615,6,,,0,79,,616,6,,,0,26,,617,6,,,0,79,,618,6,,,0,110,,619,6,,,0,111,,620,6,,,0,150,,602,6,,,0,110,,603,6,,,0,40,,604,6,,,0,75,,605,6,,,0,77,,606,6,,,0,34,,607,6,,,0,82,,608,6,,,0,77,,609,6,,,0,108,,610,6,,,0,110,,611,6,,,0,110,,613,6,,,0
2000,'cal3-sun-2',806,,693,6,,,0,100,,694,6,,,0,100,,697,6,,,0,100,,698,6,,,0,100,,699,6,,,0,100,,700,6,,,0,100,,701,6,,,0,100,,702,6,,,0,100,,703,6,,,0,100,,704,6,,,0,100,,695,6,,,0,100,,696,6,,,0
2000,'cal7-sat-3',605,,678,6,,,0,100,,679,6,,,0,101,,685,6,,,0,100,,686,6,,,0,100,,687,6,,,0,100,,688,6,,,0,100,,689,6,,,0,100,,690,6,,,0,100,,691,6,,,0,100,,692,6,,,0,100,,680,6,,,0,100,,681,6,,,0,100,,682,6,,,0,100,,683,6,,,0,100,,684,6,,,0
2000,'cal8-sat',605,,1434,6,,,0,100,,1435,6,,,0,101,,1446,6,,,0,100,,1447,6,,,0,100,,1448,6,,,0,100,,1449,6,,,0,100,,1450,6,,,0,100,,1451,6,,,0,100,,1452,6,,,0,100,,1453,6,,,0,100,,1436,6,,,0,100,,1437,6,,,0,100,,1438,6,,,0,100,,1439,6,,,0,100,,1440,6,,,0,101,,1441,6,,,0,100,,1442,6,,,0,100,,1443,6,,,0,100,,1444,6,,,0,100,,1445,6,,,0
4001,'cal1-mon-tue-wed-thu-fri-3',539,,995,22,0,6,0,68,,996,22,,,0,25,,1007,22,,,0,25,,1018,22,,,0,64,,1020,22,,,0,25,,1021,22,,,0,68,,1022,22,,,0,28,,1023,22,,,0,62,,1024,22,,,0,25,,1025,22,,,0,25,,997,22,,,0,75,,998,22,,,0,82,,999,22,,,0,30,,1000,22,,,0,82,,1001,22,,,0,35,,1002,22,,,0,75,,1003,22,,,0,76,,1004,22,,,0,36,,1005,22,,,0,75,,1006,22,,,0,34,,1008,22,,,0,68,,1009,22,,,0,27,,1010,22,,,0,68,,1011,22,,,0,34,,1012,22,,,0,63,,1013,22,,,0,27,,1014,22,,,0,65,,1015,22,,,0,49,,1016,22,,,0,90,,1017,22,,,0,90,,1019,22,,,0
4001,'cal2-sat-2',600,,1087,22,,,0,100,,1088,22,,,0,100,,1093,22,,,0,100,,1094,22,,,0,101,,1095,22,,,0,99,,1096,22,,,0,100,,1097,22,,,0,100,,1098,22,,,0,100,,1099,22,,,0,100,,1100,22,,,0,100,,1089,22,,,0,100,,1090,22,,,0,102,,1091,22,,,0,98,,1092,22,,,0
4001,'cal3-sun-2',800,,1101,22,,,0,100,,1102,22,,,0,101,,1104,22,,,0,99,,1105,22,,,0,100,,1106,22,,,0,100,,1107,22,,,0,100,,1108,22,,,0,100,,1109,22,,,0,100,,1110,22,,,0,100,,1111,22,,,0,102,,1103,22,,,0
5001,'cal1-mon-tue-wed-thu-fri-3',549,,1226,12,,,0,156,,1227,12,,,0,105,,1232,12,,,0,112,,1233,12,,,0,110,,1234,12,,,0,110,,1235,12,,,0,110,,1236,12,,,0,150,,1237,12,,,0,116,,1238,12,,,0,111,,1239,12,,,0,113,,1228,12,,,0,110,,1229,12,,,0,150,,1230,12,,,0,110,,1231,12,,,0
5001,'cal3-sun-2',810,,1293,12,,,0,100,,1294,12,,,0,100,,1296,12,,,0,100,,1297,12,,,0,100,,1298,12,,,0,100,,1299,12,,,0,100,,1300,12,,,0,100,,1301,12,,,0,100,,1302,12,,,0,100,,1303,12,,,0,100,,1295,12,,,0
5001,'cal7-sat-3',609,,1254,12,,,0,100,,1255,12,,,0,101,,1260,12,,,0,100,,1261,12,,,0,100,,1262,12,,,0,100,,1263,12,,,0,100,,1264,12,,,0,100,,1265,12,,,0,100,,1266,12,,,0,100,,1267,12,,,0,100,,1256,12,,,0,100,,1257,12,,,0,100,,1258,12,,,0,99,,1259,12,,,0
5001,'cal8-sat',609,,1474,12,,,0,100,,1475,12,,,0,101,,1486,12,,,0,100,,1487,12,,,0,100,,1488,12,,,0,100,,1489,12,,,0,100,,1490,12,,,0,100,,1491,12,,,0,100,,1492,12,,,0,100,,1493,12,,,0,100,,1476,12,,,0,100,,1477,12,,,0,100,,1478,12,,,0,99,,1479,12,,,0,101,,1480,12,,,0,100,,1481,12,,,0,100,,1482,12,,,0,100,,1483,12,,,0,100,,1484,12,,,0,100,,1485,12,,,0
