2000,'cal1-mon-tue-wed-thu-fri-3',459,,600,3,,,0,100,,601,3,,,0,76,,612,3,,,0,66,,614,3,,,0,49,,615,3,,,0,79,,616,3,,,0,26,,617,3,,,0,80,,618,3,,,0,110,,619,3,,,0,110,,620,3,,,0,150,,602,3,,,0,110,,603,3,,,0,40,,604,3,,,0,75,,605,3,,,0,76,,606,3,,,0,35,,607,3,,,0,82,,608,3,,,0,77,,609,3,,,0,109,,610,3,,,0,110,,611,3,,,0,110,,613,3,,,0
2000,'cal3-sun-2',805,,693,3,,,0,100,,694,3,,,0,100,,697,3,,,0,100,,698,3,,,0,100,,699,3,,,0,100,,700,3,,,0,100,,701,3,,,0,100,,702,3,,,0,100,,703,3,,,0,100,,704,3,,,0,100,,695,3,,,0,100,,696,3,,,0
2000,'cal7-sat-3',604,,678,3,,,0,100,,679,3,,,0,101,,685,3,,,0,100,,686,3,,,0,100,,687,3,,,0,100,,688,3,,,0,100,,689,3,,,0,100,,690,3,,,0,100,,691,3,,,0,100,,692,3,,,0,100,,680,3,,,0,100,,681,3,,,0,100,,682,3,,,0,100,,683,3,,,0,100,,684,3,,,0
2000,'cal8-sat',604,,1434,3,,,0,100,,1435,3,,,0,101,,1446,3,,,0,100,,1447,3,,,0,100,,1448,3,,,0,100,,1449,3,,,0,100,,1450,3,,,0,100,,1451,3,,,0,100,,1452,3,,,0,100,,1453,3,,,0,100,,1436,3,,,0,100,,1437,3,,,0,100,,1438,3,,,0,100,,1439,3,,,0,100,,1440,3,,,0,101,,1441,3,,,0,100,,1442,3,,,0,100,,1443,3,,,0,100,,1444,3,,,0,100,,1445,3,,,0
4001,'cal1-mon-tue-wed-thu-fri-3',538,,995,19,0,6,0,68,,996,19,,,0,25,,1007,19,,,0,25,,1018,19,,,0,64,,1020,19,,,0,24,,1021,19,,,0,68,,1022,19,,,0,29,,1023,19,,,0,62,,1024,19,,,0,25,,1025,19,,,0,25,,997,19,,,0,75,,998,19,,,0,82,,999,19,,,0,30,,1000,19,,,0,82,,1001,19,,,0,35,,1002,19,,,0,75,,1003,19,,,0,76,,1004,19,,,0,35,,1005,19,,,0,75,,1006,19,,,0,34,,1008,19,,,0,68,,1009,19,,,0,26,,1010,19,,,0,69,,1011,19,,,0,35,,1012,19,,,0,63,,1013,19,,,0,27,,1014,19,,,0,65,,1015,19,,,0,49,,1016,19,,,0,90,,1017,19,,,0,90,,1019,19,,,0
4001,'cal2-sat-2',559,,1087,19,,,0,100,,1088,19,,,0,100,,1093,19,,,0,100,,1094,19,,,0,141,,1095,19,,,0,59,,1096,19,,,0,100,,1097,19,,,0,100,,1098,19,,,0,100,,1099,19,,,0,100,,1100,19,,,0,100,,1089,19,,,0,100,,1090,19,,,0,142,,1091,19,,,0,58,,1092,19,,,0
4001,'cal3-sun-2',759,,1101,19,,,0,100,,1102,19,,,0,141,,1104,19,,,0,59,,1105,19,,,0,100,,1106,19,,,0,100,,1107,19,,,0,100,,1108,19,,,0,100,,1109,19,,,0,100,,1110,19,,,0,100,,1111,19,,,0,142,,1103,19,,,0
1009600,'cal10-sat-2',605,,42,3,,,0,100,,43,3,,,0,100,,48,3,,,0,100,,49,3,,,0,100,,50,3,,,0,100,,51,3,,,0,100,,52,3,,,0,200,,53,3,,,0,100,,54,3,,,0,100,,55,3,,,0,100,,44,3,,,0,100,,45,3,,,0,200,,46,3,,,0,200,,47,3,,,0
1009600,'cal11-sun-2',605,,56,3,,,0,200,,57,3,,,0,200,,58,3,,,0,200,,59,3,,,0,200,,60,3,,,0,200,,61,3,,,0,200,,62,3,,,0,200,,63,3,,,0,200,,64,3,,,0
1009600,'cal9-mon-tue-wed-thu-fri-3',455,,1304,3,,,0,100,,1305,3,,,0,85,,1316,3,,,0,70,,1320,3,,,0,25,,1321,3,,,0,68,,1322,3,,,0,42,,1323,3,,,0,60,,1324,3,,,0,30,,1325,3,,,0,110,,1326,3,,,0,110,,1306,3,,,0,150,,1307,3,,,0,110,,1308,3,,,0,110,,1309,3,,,0,75,,1310,3,,,0,35,,1311,3,,,0,75,,1312,3,,,0,35,,1313,3,,,0,75,,1314,3,,,0,110,,1315,3,,,0,110,,1317,3,,,0,190,,1318,3,,,0,180,,1319,3,,,0
5009600,'cal9-mon-tue-wed-thu-fri-3',535,,1341,3,,,0,78,,1342,3,,,0,12,,1350,3,,,0,10,,1351,3,,,0,10,,1352,3,,,0,10,,1353,3,,,0,50,,1354,3,,,0,10,,1355,3,,,0,30,,1356,3,,,0,70,,1357,3,,,0,40,,1343,3,,,0,80,,1344,3,,,0,75,,1345,3,,,0,110,,1346,3,,,0,110,,1347,3,,,0,305,,1348,3,,,0,172,,1349,3,,,0
