2000,'cal1-mon-tue-wed-thu-fri-6',459,,439,4,,,0,100,,440,4,,,0,76,,451,4,,,0,67,,453,4,,,0,49,,454,4,,,0,79,,455,4,,,0,26,,456,4,,,0,79,,457,4,,,0,110,,458,4,,,0,111,,459,4,,,0,150,,441,4,,,0,110,,442,4,,,0,40,,443,4,,,0,75,,444,4,,,0,76,,445,4,,,0,34,,446,4,,,0,83,,447,4,,,0,77,,448,4,,,0,108,,449,4,,,0,110,,450,4,,,0,110,,452,4,,,0
2000,'cal2-sat-2',604,,460,4,,,0,100,,461,4,,,0,101,,467,4,,,0,100,,468,4,,,0,100,,469,4,,,0,100,,470,4,,,0,100,,471,4,,,0,100,,472,4,,,0,100,,473,4,,,0,100,,474,4,,,0,100,,462,4,,,0,100,,463,4,,,0,100,,464,4,,,0,100,,465,4,,,0,100,,466,4,,,0
2000,'cal3-sun-6',805,,475,4,,,0,100,,476,4,,,0,100,,479,4,,,0,100,,480,4,,,0,100,,481,4,,,0,100,,482,4,,,0,100,,483,4,,,0,100,,484,4,,,0,100,,485,4,,,0,100,,486,4,,,0,100,,477,4,,,0,100,,478,4,,,0
4000,'cal1-mon-tue-wed-thu-fri-6',538,,143,20,0,6,0,68,,144,20,,,0,25,,155,20,,,0,25,,166,20,,,0,64,,168,20,,,0,24,,169,20,,,0,68,,170,20,,,0,29,,171,20,,,0,62,,172,20,,,0,25,,173,20,,,0,25,,145,20,,,0,75,,146,20,,,0,82,,147,20,,,0,30,,148,20,,,0,82,,149,20,,,0,35,,150,20,,,0,75,,151,20,,,0,76,,152,20,,,0,35,,153,20,,,0,75,,154,20,,,0,34,,156,20,,,0,68,,157,20,,,0,27,,158,20,,,0,68,,159,20,,,0,35,,160,20,,,0,63,,161,20,,,0,27,,162,20,,,0,65,,163,20,,,0,49,,164,20,,,0,90,,165,20,,,0,90,,167,20,,,0
4000,'cal2-sat-2',559,,174,20,,,0,100,,175,20,,,0,100,,180,20,,,0,100,,181,20,,,0,141,,182,20,,,0,59,,183,20,,,0,100,,184,20,,,0,100,,185,20,,,0,100,,186,20,,,0,100,,187,20,,,0,100,,176,20,,,0,100,,177,20,,,0,142,,178,20,,,0,58,,179,20,,,0
4000,'cal3-sun-6',759,,188,20,,,0,100,,189,20,,,0,141,,191,20,,,0,59,,192,20,,,0,100,,193,20,,,0,100,,194,20,,,0,100,,195,20,,,0,100,,196,20,,,0,100,,197,20,,,0,100,,198,20,,,0,142,,190,20,,,0
1009600,'cal1-mon-tue-wed-thu-fri-6',455,,19,4,,,0,100,,20,4,,,0,85,,31,4,,,0,70,,35,4,,,0,25,,36,4,,,0,68,,37,4,,,0,42,,38,4,,,0,60,,39,4,,,0,30,,40,4,,,0,110,,41,4,,,0,110,,21,4,,,0,150,,22,4,,,0,110,,23,4,,,0,110,,24,4,,,0,75,,25,4,,,0,35,,26,4,,,0,75,,27,4,,,0,35,,28,4,,,0,75,,29,4,,,0,110,,30,4,,,0,110,,32,4,,,0,190,,33,4,,,0,180,,34,4,,,0
1009600,'cal2-sat-2',605,,42,4,,,0,100,,43,4,,,0,100,,48,4,,,0,100,,49,4,,,0,100,,50,4,,,0,100,,51,4,,,0,100,,52,4,,,0,200,,53,4,,,0,100,,54,4,,,0,100,,55,4,,,0,100,,44,4,,,0,100,,45,4,,,0,200,,46,4,,,0,200,,47,4,,,0
1009600,'cal3-sun-6',605,,56,4,,,0,200,,57,4,,,0,200,,58,4,,,0,200,,59,4,,,0,200,,60,4,,,0,200,,61,4,,,0,200,,62,4,,,0,200,,63,4,,,0,200,,64,4,,,0
5009601,'cal1-mon-tue-wed-thu-fri-6',536,,345,4,,,0,78,,346,4,,,0,12,,354,4,,,0,10,,355,4,,,0,10,,356,4,,,0,10,,357,4,,,0,50,,358,4,,,0,10,,359,4,,,0,30,,360,4,,,0,70,,361,4,,,0,40,,347,4,,,0,80,,348,4,,,0,75,,349,4,,,0,110,,350,4,,,0,110,,351,4,,,0,305,,352,4,,,0,172,,353,4,,,0
