1000,'cal2-sat-2',612,,534,19,,,0,101,,535,19,,,0,100,,540,19,,,0,100,,541,19,,,0,100,,542,19,,,0,102,,543,19,,,0,100,,544,19,,,0,100,,545,19,,,0,100,,546,19,,,0,100,,547,19,,,0,100,,536,19,,,0,100,,537,19,,,0,100,,538,19,,,0,100,,539,19,,,0
1000,'cal4-mon-tue-wed',610,,562,19,,,0,36,,563,19,,,0,89,,572,19,,,0,68,,573,19,,,0,32,,574,19,,,0,71,,575,19,,,0,39,,576,19,,,0,110,,577,19,,,0,150,,578,19,,,0,110,,579,19,,,0,111,,564,19,,,0,80,,565,19,,,0,37,,566,19,,,0,75,,567,19,,,0,35,,568,19,,,0,80,,569,19,,,0,76,,570,19,,,0,110,,571,19,,,0
1000,'cal5-mon-tue-wed-thu-fri-1',610,,580,19,,,0,36,,581,19,,,0,89,,591,19,,,0,68,,592,19,,,0,32,,593,19,,,0,71,,594,19,,,0,39,,595,19,,,0,110,,596,19,,,0,150,,597,19,,,0,110,,598,19,,,0,111,,582,19,,,0,80,,583,19,,,0,37,,584,19,,,0,75,,585,19,,,0,35,,586,19,,,0,80,,587,19,,,0,76,,588,19,,,0,110,,589,19,,,0
3000,'cal1-mon-tue-wed-thu-fri-3',600,,705,34,0,5,0,122,,706,34,0,5,0,111,,710,34,0,5,0,110,,711,34,0,5,0,110,,712,34,0,5,0,150,,713,34,0,5,0,111,,714,34,0,5,0,111,,715,34,0,5,0,112,,716,34,0,5,0,114,,717,34,0,5,0,157,,707,34,0,5,0,110,,708,34,0,5,0,110,,709,34,0,5,0
3000,'cal2-sat-2',649,,753,34,0,5,0,100,,754,34,0,5,0,100,,756,34,0,5,0,100,,757,34,0,5,0,100,,758,34,0,5,0,100,,759,34,0,5,0,100,,760,34,0,5,0,100,,761,34,0,5,0,100,,762,34,0,5,0,100,,763,34,0,5,0,100,,755,34,0,5,0
3000,'cal3-sun-2',849,,742,34,0,5,0,100,,743,34,0,5,0,100,,745,34,0,5,0,100,,746,34,0,5,0,100,,747,34,0,5,0,100,,748,34,0,5,0,100,,749,34,0,5,0,100,,750,34,0,5,0,100,,751,34,0,5,0,100,,752,34,0,5,0,100,,744,34,0,5,0
4001,'cal1-mon-tue-wed-thu-fri-3',550,,995,36,0,6,0,68,,996,36,,,0,25,,1007,36,,,0,65,,1018,36,,,0,25,,1020,36,,,0,26,,1021,36,,,0,68,,1022,36,,,0,28,,1023,36,,,0,62,,1024,36,,,0,25,,1025,36,,,0,65,,997,36,,,0,35,,998,36,,,0,83,,999,36,,,0,30,,1000,36,,,0,82,,1001,36,,,0,75,,1002,36,,,0,35,,1003,36,,,0,74,,1004,36,,,0,36,,1005,36,,,0,77,,1006,36,,,0,75,,1008,36,,,0,28,,1009,36,,,0,69,,1010,36,,,0,26,,1011,36,,,0,73,,1012,36,,,0,22,,1013,36,,,0,27,,1014,36,,,0,65,,1015,36,,,0,89,,1016,36,,,0,50,,1017,36,,,0,90,,1019,36,,,0
4001,'cal2-sat-2',611,,1087,36,,,0,100,,1088,36,,,0,100,,1093,36,,,0,100,,1094,36,,,0,100,,1095,36,,,0,101,,1096,36,,,0,99,,1097,36,,,0,100,,1098,36,,,0,100,,1099,36,,,0,100,,1100,36,,,0,101,,1089,36,,,0,99,,1090,36,,,0,100,,1091,36,,,0,101,,1092,36,,,0
4001,'cal3-sun-2',811,,1101,36,,,0,100,,1102,36,,,0,100,,1104,36,,,0,101,,1105,36,,,0,99,,1106,36,,,0,100,,1107,36,,,0,100,,1108,36,,,0,100,,1109,36,,,0,101,,1110,36,,,0,99,,1111,36,,,0,100,,1103,36,,,0
5001,'cal1-mon-tue-wed-thu-fri-3',605,,1226,34,,,0,118,,1227,34,,,0,105,,1232,34,,,0,111,,1233,34,,,0,110,,1234,34,,,0,110,,1235,34,,,0,150,,1236,34,,,0,110,,1237,34,,,0,119,,1238,34,,,0,110,,1239,34,,,0,110,,1228,34,,,0,150,,1229,34,,,0,110,,1230,34,,,0,110,,1231,34,,,0
5001,'cal3-sun-2',824,,1293,34,,,0,100,,1294,34,,,0,100,,1296,34,,,0,100,,1297,34,,,0,100,,1298,34,,,0,100,,1299,34,,,0,100,,1300,34,,,0,100,,1301,34,,,0,100,,1302,34,,,0,100,,1303,34,,,0,100,,1295,34,,,0
5001,'cal7-sat-3',624,,1254,34,,,0,100,,1255,34,,,0,100,,1260,34,,,0,100,,1261,34,,,0,100,,1262,34,,,0,100,,1263,34,,,0,100,,1264,34,,,0,100,,1265,34,,,0,100,,1266,34,,,0,100,,1267,34,,,0,100,,1256,34,,,0,100,,1257,34,,,0,100,,1258,34,,,0,100,,1259,34,,,0
5001,'cal8-sat',624,,1474,34,,,0,100,,1475,34,,,0,100,,1486,34,,,0,100,,1487,34,,,0,100,,1488,34,,,0,100,,1489,34,,,0,100,,1490,34,,,0,100,,1491,34,,,0,100,,1492,34,,,0,100,,1493,34,,,0,100,,1476,34,,,0,100,,1477,34,,,0,100,,1478,34,,,0,100,,1479,34,,,0,101,,1480,34,,,0,100,,1481,34,,,0,100,,1482,34,,,0,100,,1483,34,,,0,100,,1484,34,,,0,100,,1485,34,,,0
