2000,'cal1-mon-tue-wed-thu-fri-7',500,,600,5,,,0,100,,601,5,,,0,36,,612,5,,,0,67,,614,5,,,0,49,,615,5,,,0,79,,616,5,,,0,26,,617,5,,,0,79,,618,5,,,0,110,,619,5,,,0,111,,620,5,,,0,150,,602,5,,,0,110,,603,5,,,0,40,,604,5,,,0,75,,605,5,,,0,77,,606,5,,,0,34,,607,5,,,0,82,,608,5,,,0,77,,609,5,,,0,108,,610,5,,,0,110,,611,5,,,0,110,,613,5,,,0
2000,'cal2-thu-fri',500,,621,5,,,0,100,,622,5,,,0,36,,633,5,,,0,67,,637,5,,,0,49,,638,5,,,0,79,,639,5,,,0,26,,640,5,,,0,79,,641,5,,,0,110,,642,5,,,0,111,,643,5,,,0,150,,623,5,,,0,110,,624,5,,,0,40,,625,5,,,0,75,,626,5,,,0,77,,627,5,,,0,34,,628,5,,,0,82,,629,5,,,0,77,,630,5,,,0,108,,631,5,,,0,110,,632,5,,,0,110,,634,5,,,0,100,,635,5,,,0,100,,636,5,,,0
2000,'cal3-sat',605,,644,5,,,0,100,,645,5,,,0,101,,654,5,,,0,100,,655,5,,,0,100,,656,5,,,0,100,,657,5,,,0,100,,658,5,,,0,100,,659,5,,,0,100,,660,5,,,0,100,,661,5,,,0,100,,646,5,,,0,100,,647,5,,,0,100,,648,5,,,0,100,,649,5,,,0,100,,650,5,,,0,100,,651,5,,,0,100,,652,5,,,0,100,,653,5,,,0
2000,'cal4-sun',806,,662,5,,,0,100,,663,5,,,0,100,,670,5,,,0,100,,671,5,,,0,100,,672,5,,,0,100,,673,5,,,0,100,,674,5,,,0,100,,675,5,,,0,100,,676,5,,,0,100,,677,5,,,0,100,,664,5,,,0,100,,665,5,,,0,100,,666,5,,,0,100,,667,5,,,0,100,,668,5,,,0,100,,669,5,,,0
2000,'cal5-sat-2',605,,678,5,,,0,100,,679,5,,,0,101,,685,5,,,0,100,,686,5,,,0,100,,687,5,,,0,100,,688,5,,,0,100,,689,5,,,0,100,,690,5,,,0,100,,691,5,,,0,100,,692,5,,,0,100,,680,5,,,0,100,,681,5,,,0,100,,682,5,,,0,100,,683,5,,,0,100,,684,5,,,0
2000,'cal6-sun-3',806,,693,5,,,0,100,,694,5,,,0,100,,697,5,,,0,100,,698,5,,,0,100,,699,5,,,0,100,,700,5,,,0,100,,701,5,,,0,100,,702,5,,,0,100,,703,5,,,0,100,,704,5,,,0,100,,695,5,,,0,100,,696,5,,,0
4001,'cal1-mon-tue-wed-thu-fri-7',539,,995,21,0,6,0,68,,996,21,,,0,25,,1007,21,,,0,25,,1018,21,,,0,64,,1020,21,,,0,24,,1021,21,,,0,68,,1022,21,,,0,29,,1023,21,,,0,62,,1024,21,,,0,25,,1025,21,,,0,25,,997,21,,,0,75,,998,21,,,0,82,,999,21,,,0,30,,1000,21,,,0,82,,1001,21,,,0,35,,1002,21,,,0,75,,1003,21,,,0,76,,1004,21,,,0,35,,1005,21,,,0,75,,1006,21,,,0,34,,1008,21,,,0,68,,1009,21,,,0,27,,1010,21,,,0,68,,1011,21,,,0,35,,1012,21,,,0,63,,1013,21,,,0,27,,1014,21,,,0,65,,1015,21,,,0,49,,1016,21,,,0,90,,1017,21,,,0,90,,1019,21,,,0
4001,'cal2-thu-fri',539,,1026,21,0,6,0,68,,1027,21,,,0,25,,1038,21,,,0,25,,1049,21,,,0,64,,1051,21,,,0,24,,1052,21,,,0,68,,1053,21,,,0,29,,1054,21,,,0,62,,1055,21,,,0,25,,1056,21,,,0,25,,1028,21,,,0,75,,1029,21,,,0,82,,1030,21,,,0,30,,1031,21,,,0,82,,1032,21,,,0,35,,1033,21,,,0,75,,1034,21,,,0,76,,1035,21,,,0,35,,1036,21,,,0,75,,1037,21,,,0,34,,1039,21,,,0,68,,1040,21,,,0,27,,1041,21,,,0,68,,1042,21,,,0,35,,1043,21,,,0,63,,1044,21,,,0,27,,1045,21,,,0,65,,1046,21,,,0,49,,1047,21,,,0,90,,1048,21,,,0,90,,1050,21,,,0
4001,'cal3-sat',600,,1057,21,,,0,100,,1058,21,,,0,100,,1065,21,,,0,100,,1066,21,,,0,101,,1067,21,,,0,99,,1068,21,,,0,100,,1069,21,,,0,100,,1070,21,,,0,100,,1071,21,,,0,100,,1072,21,,,0,100,,1059,21,,,0,100,,1060,21,,,0,102,,1061,21,,,0,98,,1062,21,,,0,100,,1063,21,,,0,100,,1064,21,,,0
4001,'cal4-sun',800,,1073,21,,,0,100,,1074,21,,,0,101,,1079,21,,,0,99,,1080,21,,,0,100,,1081,21,,,0,100,,1082,21,,,0,100,,1083,21,,,0,100,,1084,21,,,0,100,,1085,21,,,0,100,,1086,21,,,0,102,,1075,21,,,0,100,,1076,21,,,0,100,,1077,21,,,0,100,,1078,21,,,0
4001,'cal5-sat-2',600,,1087,21,,,0,100,,1088,21,,,0,100,,1093,21,,,0,100,,1094,21,,,0,101,,1095,21,,,0,99,,1096,21,,,0,100,,1097,21,,,0,100,,1098,21,,,0,100,,1099,21,,,0,100,,1100,21,,,0,100,,1089,21,,,0,100,,1090,21,,,0,102,,1091,21,,,0,98,,1092,21,,,0
4001,'cal6-sun-3',800,,1101,21,,,0,100,,1102,21,,,0,101,,1104,21,,,0,99,,1105,21,,,0,100,,1106,21,,,0,100,,1107,21,,,0,100,,1108,21,,,0,100,,1109,21,,,0,100,,1110,21,,,0,100,,1111,21,,,0,102,,1103,21,,,0
1009600,'cal11-mon-tue-wed-thu-fri-4',456,,1304,5,,,0,100,,1305,5,,,0,85,,1316,5,,,0,70,,1320,5,,,0,25,,1321,5,,,0,68,,1322,5,,,0,42,,1323,5,,,0,60,,1324,5,,,0,30,,1325,5,,,0,110,,1326,5,,,0,110,,1306,5,,,0,150,,1307,5,,,0,110,,1308,5,,,0,110,,1309,5,,,0,75,,1310,5,,,0,35,,1311,5,,,0,75,,1312,5,,,0,35,,1313,5,,,0,75,,1314,5,,,0,110,,1315,5,,,0,110,,1317,5,,,0,190,,1318,5,,,0,180,,1319,5,,,0
1009600,'cal12-sat-2',606,,42,5,,,0,100,,43,5,,,0,100,,48,5,,,0,100,,49,5,,,0,100,,50,5,,,0,100,,51,5,,,0,100,,52,5,,,0,200,,53,5,,,0,100,,54,5,,,0,100,,55,5,,,0,100,,44,5,,,0,100,,45,5,,,0,200,,46,5,,,0,200,,47,5,,,0
1009600,'cal13-sun-3',606,,56,5,,,0,200,,57,5,,,0,200,,58,5,,,0,200,,59,5,,,0,200,,60,5,,,0,200,,61,5,,,0,200,,62,5,,,0,200,,63,5,,,0,200,,64,5,,,0
5009600,'cal11-mon-tue-wed-thu-fri-4',536,,1341,5,,,0,78,,1342,5,,,0,12,,1350,5,,,0,10,,1351,5,,,0,10,,1352,5,,,0,10,,1353,5,,,0,50,,1354,5,,,0,10,,1355,5,,,0,30,,1356,5,,,0,70,,1357,5,,,0,40,,1343,5,,,0,80,,1344,5,,,0,75,,1345,5,,,0,110,,1346,5,,,0,110,,1347,5,,,0,305,,1348,5,,,0,172,,1349,5,,,0
