3000,'cal1-mon-tue-wed-thu-fri-3',601,,705,35,4,,0,122,,706,35,4,,0,111,,710,35,4,,0,110,,711,35,4,,0,110,,712,35,4,,0,150,,713,35,4,,0,111,,714,35,4,,0,111,,715,35,4,,0,112,,716,35,4,,0,114,,717,35,4,,0,157,,707,35,4,,0,110,,708,35,4,,0,110,,709,35,4,,0
3000,'cal2-sat-2',650,,753,35,4,,0,100,,754,35,4,,0,100,,756,35,4,,0,100,,757,35,4,,0,100,,758,35,4,,0,100,,759,35,4,,0,100,,760,35,4,,0,100,,761,35,4,,0,100,,762,35,4,,0,100,,763,35,4,,0,100,,755,35,4,,0
3000,'cal3-sun-2',850,,742,35,4,,0,100,,743,35,4,,0,100,,745,35,4,,0,100,,746,35,4,,0,100,,747,35,4,,0,100,,748,35,4,,0,100,,749,35,4,,0,100,,750,35,4,,0,100,,751,35,4,,0,100,,752,35,4,,0,100,,744,35,4,,0
3001,'cal2-sat-2',655,,799,0,0,5,0,100,,800,0,0,5,0,100,,802,0,0,5,0,100,,803,0,0,5,0,100,,804,0,0,5,0,100,,805,0,0,5,0,100,,806,0,0,5,0,100,,807,0,0,5,0,100,,808,0,0,5,0,100,,809,0,0,5,0,100,,801,0,0,5,0
3001,'cal3-sun-2',855,,810,0,0,5,0,100,,811,0,0,5,0,100,,813,0,0,5,0,100,,814,0,0,5,0,100,,815,0,0,5,0,100,,816,0,0,5,0,100,,817,0,0,5,0,100,,818,0,0,5,0,100,,819,0,0,5,0,100,,820,0,0,5,0,100,,812,0,0,5,0
3001,'cal4-mon-tue-wed',606,,832,0,0,5,0,122,,833,0,0,5,0,111,,837,0,0,5,0,110,,838,0,0,5,0,110,,839,0,0,5,0,150,,840,0,0,5,0,111,,841,0,0,5,0,111,,842,0,0,5,0,112,,843,0,0,5,0,157,,844,0,0,5,0,114,,834,0,0,5,0,110,,835,0,0,5,0,110,,836,0,0,5,0
3001,'cal5-mon-tue-wed-thu-fri-1',606,,845,0,0,5,0,122,,846,0,0,5,0,111,,851,0,0,5,0,110,,852,0,0,5,0,110,,853,0,0,5,0,150,,854,0,0,5,0,111,,855,0,0,5,0,111,,856,0,0,5,0,112,,857,0,0,5,0,157,,858,0,0,5,0,114,,847,0,0,5,0,110,,848,0,0,5,0,86,,849,0,0,5,0,24,,850,0,0,5,0
4000,'cal1-mon-tue-wed-thu-fri-3',556,,871,0,,,0,68,,872,0,,,0,25,,883,0,,,0,65,,894,0,,,0,27,,896,0,,,0,65,,897,0,,,0,27,,898,0,,,0,68,,899,0,,,0,22,,900,0,,,0,25,,901,0,,,0,65,,873,0,,,0,40,,874,0,,,0,80,,875,0,,,0,75,,876,0,,,0,36,,877,0,,,0,75,,878,0,,,0,34,,879,0,,,0,74,,880,0,,,0,78,,881,0,,,0,37,,882,0,,,0,74,,884,0,,,0,28,,885,0,,,0,69,,886,0,,,0,26,,887,0,,,0,73,,888,0,,,0,23,,889,0,,,0,65,,890,0,,,0,25,,891,0,,,0,91,,892,0,,,0,91,,893,0,,,0,47,,895,0,,,0
4000,'cal2-sat-2',613,,970,0,,,0,100,,971,0,,,0,100,,976,0,,,0,100,,977,0,,,0,100,,978,0,,,0,100,,979,0,,,0,100,,980,0,,,0,100,,981,0,,,0,100,,982,0,,,0,100,,983,0,,,0,100,,972,0,,,0,100,,973,0,,,0,100,,974,0,,,0,100,,975,0,,,0
4000,'cal3-sun-2',813,,984,0,,,0,100,,985,0,,,0,100,,987,0,,,0,100,,988,0,,,0,100,,989,0,,,0,100,,990,0,,,0,100,,991,0,,,0,100,,992,0,,,0,100,,993,0,,,0,100,,994,0,,,0,100,,986,0,,,0
4001,'cal1-mon-tue-wed-thu-fri-3',551,,995,37,4,,0,68,,996,37,4,,0,25,,1007,37,4,,0,65,,1018,37,4,,0,25,,1020,37,4,,0,66,,1021,37,4,,0,28,,1022,37,4,,0,28,,1023,37,4,,0,62,,1024,37,4,,0,25,,1025,37,4,,0,65,,997,37,4,,0,35,,998,37,4,,0,83,,999,37,4,,0,30,,1000,37,4,,0,82,,1001,37,4,,0,75,,1002,37,4,,0,35,,1003,37,4,,0,74,,1004,37,4,,0,36,,1005,37,4,,0,77,,1006,37,4,,0,76,,1008,37,4,,0,28,,1009,37,4,,0,69,,1010,37,4,,0,26,,1011,37,4,,0,73,,1012,37,4,,0,21,,1013,37,4,,0,27,,1014,37,4,,0,65,,1015,37,4,,0,89,,1016,37,4,,0,50,,1017,37,4,,0,90,,1019,37,4,,0
4001,'cal2-sat-2',612,,1087,37,4,,0,100,,1088,37,4,,0,100,,1093,37,4,,0,100,,1094,37,4,,0,100,,1095,37,4,,0,101,,1096,37,4,,0,99,,1097,37,4,,0,100,,1098,37,4,,0,100,,1099,37,4,,0,100,,1100,37,4,,0,101,,1089,37,4,,0,99,,1090,37,4,,0,100,,1091,37,4,,0,101,,1092,37,4,,0
4001,'cal3-sun-2',812,,1101,37,4,,0,100,,1102,37,4,,0,100,,1104,37,4,,0,101,,1105,37,4,,0,99,,1106,37,4,,0,100,,1107,37,4,,0,100,,1108,37,4,,0,100,,1109,37,4,,0,101,,1110,37,4,,0,99,,1111,37,4,,0,100,,1103,37,4,,0
